
##############################################################################
# REAL DATA
##############################################################################
  329 hour files, 20260825T03 .. 20260908T13, 1,249,202 seconds of span
  loaded in 342s
  index ids with a replica: ADAUSD_RTI=937,651s, BCHUSD_RTI=1,122,830s, BRTI=1,122,834s, DOGEUSD_RTI=1,122,828s, ETHUSD_RTI=1,122,833s, SOLUSD_RTI=1,122,832s, XRPUSD_RTI=1,122,830s
  index ids with NO replica (no constituent books recorded): BNBUSD_RTI, HYPEUSD_RTI, NEARUSD_RTI, ZECUSD_RTI
  replica seconds: ADAUSD_RTI=1,162,022, BCHUSD_RTI=1,161,627, BRTI=1,162,491, DOGEUSD_RTI=1,162,239, ETHUSD_RTI=1,162,472, SOLUSD_RTI=1,162,489, XRPUSD_RTI=1,162,463
  median exchanges per second in the replica: ADAUSD_RTI=2, BCHUSD_RTI=2, BRTI=4, DOGEUSD_RTI=2, ETHUSD_RTI=3, SOLUSD_RTI=3, XRPUSD_RTI=3

==============================================================================
1. TIMING -- does the replica ARRIVE before the index print?
==============================================================================
  Both stamps are local time.time() on THIS machine: _rx_ms in
  kalshi_collector.py:326, _rx in crypto_feeds.py index_replica().
  Same clock, two processes -- so this is arrival, not skew.

  CF print stamp -> our receipt (ms), n=7,674,638
    p1 48  p25 85  MEDIAN 109  p75 159  p95 1380  p99 3311
  replica top-of-second -> its own stamp (ms), n=1,162,491
    p1 0.0  p25 2.0  MEDIAN 4.0  p75 8.0  p95 14.0  p99 16.0

  GAP for the SAME second = index receipt - replica stamp, ms
  (positive = the replica was in hand first)
  index                  n      p1      p5     p25   MEDIAN     p75     p95     p99  %replica first
  BRTI           1,112,575      43      56      82      107     158    1379    3308         100.00%
  ETHUSD_RTI     1,112,555      42      55      81      106     157    1380    3305         100.00%
  SOLUSD_RTI     1,112,572      40      54      80      105     156    1378    3305         100.00%
  XRPUSD_RTI     1,112,545      40      53      80      104     156    1377    3305         100.00%
  DOGEUSD_RTI    1,112,355      40      52      79      104     155    1374    3298         100.00%
  BCHUSD_RTI     1,111,763      41      54      80      105     156    1375    3297         100.00%
  ADAUSD_RTI       933,311      39      52      76       97     132    1351    3139         100.00%

==============================================================================
2. PREDICTIVE POWER -- replica[t] rebased vs persistence
==============================================================================
  P0 persistence  index[t]                    (what the model does)
  P1 rebased      replica[t] - ebar[t]        (ebar = causal 300s mean of replica-index)
  P2 fitted OOS   index[t] + b_k*(rebased - index[t]), b_k fitted
                  on the first 60% of the span BY TIME, scored on the rest
  P3 DIAGNOSTIC   index[t] + (replica[t+k] - replica[t]) -- uses the
                  FUTURE replica, NOT TRADEABLE, an upper bound only
  P4 fitted OOS   as P2 but with the replica's own last move
                  (replica[t]-replica[t-1]) as a second regressor

  BRTI: horizon table skipped (--skip-predict)

  ETHUSD_RTI: horizon table skipped (--skip-predict)

  SOLUSD_RTI: horizon table skipped (--skip-predict)

  XRPUSD_RTI: horizon table skipped (--skip-predict)

  DOGEUSD_RTI: horizon table skipped (--skip-predict)

  BCHUSD_RTI: horizon table skipped (--skip-predict)

  ADAUSD_RTI: horizon table skipped (--skip-predict)

==============================================================================
2b. NOWCAST -- is the 92ms arrival lead worth a WHOLE SECOND?
==============================================================================
  At wall clock T+5ms we hold replica[T].  A reader of the published
  feed holds only index[T-1] until T+~95ms.  So the question is not
  whether the replica predicts the future -- it is whether it reads
  the CURRENT second better than the last published print does.
    N0  index[t-1]                     the feed, stale by one second
    N1  replica[t] - ebar[t]           the rebased replica
    N2  index[t-1] + b*(N1 - index[t-1])   fitted OOS
    N3  index[t-1] + c1*d1 + c2*d2 + c3*m1   INDEX-ONLY control,
                                       m1 = mean300(index)-index[t-1],
                                       the half of the rebasing that
                                       is index history alone
    N4  N3 plus the replica basis      everything at once
  all scored against index[t] itself.  N2 over N0 is not yet a
  finding: if the published index is itself smoothed, its own past
  predicts it.  THE COLUMN THAT CREDITS THE SPOT DATA IS N4 vs N3.
  index           n_test    RMSE N0    RMSE N1  N1 imp%  N2 imp%  N3 imp%  N4 imp%  N4 vs N3  b_repl
  BRTI           461,608     4.2959     5.3949   -25.58    10.52     0.07    11.24     11.17   0.369
  ETHUSD_RTI     461,606    0.15783     0.1803   -14.24    17.43     0.05    17.77     17.73   0.340
  SOLUSD_RTI     461,606  0.0088845  0.0098093   -10.41    16.94     0.06    17.50     17.46   0.447
  XRPUSD_RTI     461,606 0.00011993 0.00013948   -16.30    21.72     1.11    22.58     21.72   0.356
  DOGEUSD_RTI    461,602 1.0738e-05 1.2472e-05   -16.15    14.22    -0.15    14.73     14.85   0.277
  BCHUSD_RTI     461,601   0.022566   0.069339  -207.27     3.59     1.09     3.88      2.83   0.189
  ADAUSD_RTI     461,606 2.6012e-05 3.1403e-05   -20.72    18.41    -0.01    19.04     19.05   0.299

==============================================================================
3. THE DECISIVE TEST -- the r UNPUBLISHED settlement prints
==============================================================================
  Settlement = mean of index prints at seconds [close-60, close-1].
  With r unpublished, decision second t = close-1-r and the unknown
  is mean(index[close-r .. close-1]).  Errors divided by the index's
  own causal 300s per-second sigma so coins pool.

  BRTI  (KXBTC15M, 1,155 closes inside the tape)
    rep_lead=0: replica read at t, the same second as the last published print -- no arrival advantage used
      r  n_test  RMSE model  RMSE repl  RMSE ctrl   RMSE fit  repl imp%  ctrl imp%  fit imp%  fit-ctrl%  b_repl t vs ctrl  MAEimp%   maxerr
      2     403      1.0537     2.0499     1.0525     1.0512       0.02       0.11      0.24       0.12   0.029      0.37    -9.07      8.7
      3     403      1.2088     2.2704     1.2212     1.2219      -0.01      -1.03     -1.08      -0.05   0.006     -0.71    -2.04      8.0
      4     403      1.5373     2.4053     1.5307     1.5319       0.13       0.43      0.35      -0.08  -0.030     -0.34    -4.29     16.4
      5     403      1.7002     2.5167     1.6932     1.6950      -0.09       0.42      0.31      -0.11  -0.017     -0.54    -3.50     20.6
      6     403      2.0208     2.6382     2.0377     2.0378      -0.37      -0.84     -0.84      -0.00  -0.005     -0.16    -2.34     21.1
      7     403      1.8747     2.6308     1.8783     1.8809      -0.21      -0.19     -0.33      -0.14  -0.040     -0.52    -4.32     17.7
      8     403      1.7961     2.5000     1.8000     1.8011      -0.14      -0.22     -0.28      -0.06  -0.016     -0.54    -9.22     14.7
      9     403      2.0199     2.6188     2.0194     2.0203      -0.25       0.03     -0.02      -0.05  -0.006     -1.48    -2.02     17.2
     10     403      2.0467     2.6197     2.0677     2.0778      -1.12      -1.03     -1.52      -0.49  -0.069     -1.27   -10.39     15.2
     11     403      2.1035     2.8291     2.0978     2.0977       0.02       0.27      0.27       0.00  -0.013      0.06     1.88     14.1
     12     403      2.2435     2.8288     2.2484     2.2486      -0.09      -0.22     -0.23      -0.01  -0.006     -0.40    -4.55     14.7
     13     403      2.1653     2.8338     2.1996     2.2026      -0.02      -1.58     -1.72      -0.14   0.024     -0.95    -6.90     13.6
     14     403      2.5725     3.2999     2.6005     2.5961       0.04      -1.09     -0.92       0.17  -0.089      0.56    -8.36     28.2
     15     403      2.8463     3.3834     2.8518     2.8546      -0.11      -0.19     -0.29      -0.10  -0.108     -0.32    -2.91     26.4
     16     403      2.9505     3.5431     2.9529     2.9458       0.18      -0.08      0.16       0.24  -0.079      1.13    -4.64     25.0
     17     403      2.9064     3.5280     2.9077     2.9039       0.11      -0.05      0.09       0.13  -0.053      0.89    -1.59     23.1
     18     403      2.8438     3.4482     2.8408     2.8396       0.17       0.10      0.15       0.04  -0.096      0.15    -3.87     21.9
     19     403      2.9328     3.4619     2.9498     2.9506       0.02      -0.58     -0.61      -0.03   0.035     -0.27    -3.98     21.2
    rep_lead=1: replica read at t+1 -- the REAL-TIME position, one second of spot the published feed has not printed yet
      r  n_test  RMSE model  RMSE repl  RMSE ctrl   RMSE fit  repl imp%  ctrl imp%  fit imp%  fit-ctrl%  b_repl t vs ctrl  MAEimp%   maxerr
      2     403      1.0537     1.7571     1.0525     1.0416       1.30       0.11      1.14       1.03   0.331      0.21   -70.79      8.7
      3     403      1.2088     1.8936     1.2212     1.1993       1.81      -1.03      0.79       1.80   0.137      1.34   -19.72      8.0
      4     403      1.5373     2.1195     1.5307     1.4849       2.35       0.43      3.41       2.99   0.134      1.23     1.96     16.4
      5     403      1.7002     2.2196     1.6932     1.6649       1.56       0.42      2.07       1.67   0.097      1.49     0.54     20.6
      6     403      2.0208     2.3408     2.0377     1.9781       2.72      -0.84      2.11       2.93   0.339      1.06   -19.04     21.1
      7     403      1.8747     2.4347     1.8783     1.8651       0.83      -0.19      0.51       0.70   0.083      1.22     5.07     17.7
      8     403      1.7961     2.4844     1.8000     1.7975       0.07      -0.22     -0.08       0.14   0.027      0.72    -6.95     14.7
      9     403      2.0199     2.3639     2.0194     1.9685       2.53       0.03      2.55       2.52   0.121      1.75    -4.55     17.2
     10     403      2.0467     2.5165     2.0679     2.0503       1.15      -1.04     -0.18       0.85   0.080      1.74     0.58     15.2
     11     403      2.1035     2.5006     2.0981     2.0486       2.29       0.26      2.61       2.36   0.122      1.95    -1.88     14.1
     12     403      2.2435     2.6951     2.2484     2.2351       0.60      -0.22      0.37       0.59   0.095      1.38   -11.04     14.7
     13     403      2.1653     2.6927     2.1996     2.2037       0.18      -1.58     -1.77      -0.19   0.106     -0.36    -7.61     13.6
     14     403      2.5725     2.7159     2.6005     2.5056       3.67      -1.09      2.60       3.65   0.128      1.01    -6.17     28.2
     15     403      2.8463     3.1658     2.8518     2.8361       0.45      -0.19      0.36       0.55   0.046      1.36    -5.55     26.4
     16     403      2.9505     3.2336     2.9529     2.9233       0.99      -0.08      0.92       1.00   0.132      1.11    -2.83     25.0
     17     403      2.9064     3.3961     2.9077     2.9073       0.00      -0.05     -0.03       0.02   0.032      0.16     4.76     23.1
     18     403      2.8438     3.3937     2.8408     2.8439      -0.11       0.10     -0.00      -0.11   0.078     -0.45    -4.81     21.9
     19     403      2.9328     3.3279     2.9498     2.9385       0.41      -0.58     -0.19       0.38   0.174      0.47    -5.92     21.2
    rep_lead=-60: PLACEBO: replica read at t-60, a full minute stale. Whatever this row finds, the fitting procedure manufactures.
      r  n_test  RMSE model  RMSE repl  RMSE ctrl   RMSE fit  repl imp%  ctrl imp%  fit imp%  fit-ctrl%  b_repl t vs ctrl  MAEimp%   maxerr
      2     403      1.0537     7.7240     1.0525     1.0536      -0.10       0.11      0.01      -0.10  -0.003     -1.30    -9.10      8.7
      3     403      1.2088     7.7698     1.2212     1.2213      -0.08      -1.03     -1.03      -0.01   0.002     -0.16    -2.78      8.0
      4     403      1.5373     7.7859     1.5305     1.5302      -0.09       0.45      0.46       0.01  -0.004      0.27    -3.75     16.4
      5     403      1.7002     7.7344     1.6932     1.6922       0.01       0.42      0.47       0.05   0.010      0.39    -0.86     20.6
      6     403      2.0208     7.7626     2.0377     2.0381      -0.20      -0.84     -0.86      -0.02   0.008     -0.21    -1.26     21.1
      7     403      1.8747     7.8037     1.8783     1.8796      -0.01      -0.19     -0.26      -0.07  -0.005     -1.13    -1.96     17.7
      8     403      1.7961     7.8262     1.8000     1.8012      -0.15      -0.22     -0.28      -0.07  -0.006     -0.89    -7.10     14.7
      9     403      2.0199     7.7997     2.0194     2.0192       0.02       0.03      0.04       0.01   0.006      0.11    -2.12     17.2
     10     403      2.0467     7.7444     2.0679     2.0691      -0.27      -1.04     -1.09      -0.06  -0.009     -0.46    -4.42     15.2
     11     403      2.1035     7.7796     2.0978     2.0961      -0.01       0.27      0.35       0.08  -0.009      0.74     0.90     14.1
     12     403      2.2435     7.8314     2.2484     2.2467      -0.09      -0.22     -0.14       0.08  -0.009      0.70    -4.02     14.7
     13     403      2.1653     7.9597     2.1996     2.1995      -0.01      -1.58     -1.58       0.00  -0.000      1.09    -6.03     13.6
     14     403      2.5725     7.9858     2.6005     2.6046      -0.07      -1.09     -1.25      -0.16   0.009     -1.86    -3.97     28.2
     15     403      2.8463     8.0179     2.8518     2.8528       0.03      -0.19     -0.23      -0.04   0.004     -1.09    -3.52     26.4
     16     403      2.9505     7.8765     2.9529     2.9581      -0.18      -0.08     -0.26      -0.18   0.013     -1.73    -2.43     25.0
     17     403      2.9064     7.8869     2.9077     2.9223      -0.33      -0.05     -0.55      -0.50   0.030     -1.91     3.83     23.1
     18     403      2.8438     7.8354     2.8408     2.8483      -0.12       0.10     -0.16      -0.26   0.020     -1.39    -1.23     21.9
     19     403      2.9328     7.8256     2.9498     2.9537       0.00      -0.58     -0.71      -0.13   0.023     -0.63    -0.16     21.2

  ETHUSD_RTI  (KXETH15M, 1,155 closes inside the tape)
    rep_lead=0: replica read at t, the same second as the last published print -- no arrival advantage used
      r  n_test  RMSE model  RMSE repl  RMSE ctrl   RMSE fit  repl imp%  ctrl imp%  fit imp%  fit-ctrl%  b_repl t vs ctrl  MAEimp%   maxerr
      2     403      1.1183     1.8847     1.1208     1.1208       0.11      -0.23     -0.22       0.01   0.034      0.04    -6.08     13.4
      3     403      1.1657     1.8804     1.1653     1.1651      -0.62       0.04      0.06       0.02   0.027      0.13    -7.41      9.0
      4     403      1.4232     2.0512     1.4279     1.4253      -0.04      -0.33     -0.15       0.18   0.049      0.91     2.43     12.9
      5     403      1.4851     1.9812     1.5020     1.4870       0.43      -1.13     -0.13       0.99   0.085      2.41    -4.71     12.6
      6     403      1.5897     2.0404     1.5954     1.5888       0.35      -0.36      0.06       0.42   0.041      2.27     3.17     11.7
      7     403      1.5471     2.0298     1.5629     1.5580       0.33      -1.02     -0.70       0.31   0.042      1.55    -1.39      9.9
      8     403      1.5810     2.1365     1.5858     1.5887      -0.03      -0.31     -0.49      -0.18  -0.015     -2.52    -1.07      8.4
      9     403      1.6855     2.1695     1.6791     1.6765       0.29       0.38      0.53       0.15   0.024      1.47     0.67      7.0
     10     403      1.6816     2.1952     1.6885     1.6825       0.30      -0.41     -0.05       0.36   0.064      1.14     0.59      7.0
     11     403      2.0460     2.5287     2.0604     2.0548       0.30      -0.70     -0.43       0.27   0.051      1.40    -2.72     17.3
     12     403      2.0655     2.4001     2.0610     2.0567       0.37       0.22      0.43       0.21   0.043      1.14     9.29     16.7
     13     403      1.9723     2.3404     1.9986     1.9963       0.18      -1.33     -1.22       0.12   0.027      0.89     1.96     15.4
     14     403      2.0656     2.4715     2.0728     2.0709      -0.11      -0.35     -0.26       0.09   0.023      0.56    -0.39     14.0
     15     403      2.6415     2.9795     2.6466     2.6438      -0.14      -0.19     -0.09       0.11   0.048      0.65    -3.82     26.8
     16     403      2.7093     3.0132     2.7115     2.7052       0.19      -0.08      0.15       0.23   0.108      0.71     2.33     26.6
     17     403      2.7125     3.0230     2.7156     2.7109       0.09      -0.11      0.06       0.17   0.042      1.44     3.69     25.8
     18     403      2.6910     3.0410     2.7023     2.6961      -0.02      -0.42     -0.19       0.23   0.085      0.99    -1.76     23.4
     19     403      2.6965     3.0553     2.7207     2.7213      -0.10      -0.90     -0.92      -0.02   0.074     -0.12    -2.57     21.7
    rep_lead=1: replica read at t+1 -- the REAL-TIME position, one second of spot the published feed has not printed yet
      r  n_test  RMSE model  RMSE repl  RMSE ctrl   RMSE fit  repl imp%  ctrl imp%  fit imp%  fit-ctrl%  b_repl t vs ctrl  MAEimp%   maxerr
      2     403      1.1183     1.5617     1.1208     1.0466       6.52      -0.23      6.41       6.62   0.097      1.64    -9.06     13.4
      3     403      1.1657     1.7059     1.1653     1.1439       1.87       0.04      1.87       1.83   0.175      1.37   -20.89      9.0
      4     403      1.4232     1.7266     1.4279     1.3229       7.20      -0.33      7.05       7.35   0.231      1.75    -7.47     12.9
      5     403      1.4851     1.8658     1.5020     1.4609       2.24      -1.13      1.63       2.74   0.148      2.75    -9.39     12.6
      6     403      1.5897     1.8253     1.5954     1.5289       4.26      -0.36      3.82       4.17   0.193      3.27    -0.79     11.7
      7     403      1.5471     1.8950     1.5629     1.5115       3.44      -1.02      2.30       3.29   0.262      2.01    -9.53      9.9
      8     403      1.5810     1.9015     1.5858     1.5456       2.56      -0.31      2.24       2.54   0.134      3.13    -3.69      8.4
      9     403      1.6855     2.0189     1.6791     1.6492       1.89       0.38      2.15       1.78   0.080      3.54     0.66      7.0
     10     403      1.6816     2.0979     1.6888     1.6567       1.69      -0.43      1.48       1.90   0.151      2.00    -1.26      7.0
     11     403      2.0460     2.0899     2.0600     1.8629       9.53      -0.68      8.95       9.57   0.209      1.83    -6.46     17.3
     12     403      2.0655     2.4000     2.0610     2.0500       0.66       0.22      0.75       0.54   0.141      0.65     8.35     16.7
     13     403      1.9723     2.2719     1.9986     1.9799       1.06      -1.33     -0.38       0.94   0.100      1.90     1.31     15.4
     14     403      2.0656     2.2341     2.0728     2.0356       1.96      -0.35      1.45       1.79   0.118      2.22     1.07     14.0
     15     403      2.6415     2.3683     2.6466     2.4104       8.42      -0.19      8.75       8.92   0.191      1.56    -3.38     26.8
     16     403      2.7093     2.8375     2.7115     2.6596       1.87      -0.08      1.84       1.92   0.213      1.97    -4.34     26.6
     17     403      2.7125     2.8764     2.7156     2.6716       1.47      -0.11      1.51       1.62   0.197      2.60     6.68     25.8
     18     403      2.6910     2.8923     2.7023     2.6687       0.87      -0.42      0.83       1.24   0.170      2.33    -3.94     23.4
     19     403      2.6965     2.9211     2.7207     2.6900       0.87      -0.90      0.24       1.13   0.188      1.94    -5.77     21.7
    rep_lead=-60: PLACEBO: replica read at t-60, a full minute stale. Whatever this row finds, the fitting procedure manufactures.
      r  n_test  RMSE model  RMSE repl  RMSE ctrl   RMSE fit  repl imp%  ctrl imp%  fit imp%  fit-ctrl%  b_repl t vs ctrl  MAEimp%   maxerr
      2     403      1.1183     7.5907     1.1208     1.1268      -0.45      -0.23     -0.76      -0.53  -0.012     -1.65    -5.83     13.4
      3     403      1.1657     7.6349     1.1653     1.1665      -0.41       0.04     -0.07      -0.10  -0.010     -0.37    -3.91      9.0
      4     403      1.4232     7.5910     1.4279     1.4272       0.65      -0.33     -0.28       0.05  -0.018      0.12     1.40     12.9
      5     403      1.4851     7.6713     1.5020     1.5003       0.25      -1.13     -1.02       0.11  -0.015      0.42    -4.51     12.6
      6     403      1.5897     7.6232     1.5954     1.5947       0.17      -0.36     -0.32       0.04  -0.010      0.28     2.87     11.7
      7     403      1.5471     7.6235     1.5629     1.5611       0.08      -1.02     -0.91       0.11  -0.015      0.38    -1.63      9.9
      8     403      1.5810     7.6025     1.5858     1.5915       0.02      -0.31     -0.67      -0.36  -0.018     -1.05    -2.33      8.4
      9     403      1.6855     7.6540     1.6791     1.6856      -0.03       0.38     -0.01      -0.39  -0.023     -0.88    -0.40      7.0
     10     403      1.6816     7.7414     1.6888     1.6950      -0.09      -0.43     -0.79      -0.36  -0.017     -1.09    -2.36      7.0
     11     403      2.0460     7.6849     2.0604     2.0588      -0.04      -0.70     -0.62       0.08  -0.010      0.43    -3.11     17.3
     12     403      2.0655     7.7353     2.0610     2.0597      -0.13       0.22      0.28       0.06  -0.008      0.48     8.23     16.7
     13     403      1.9723     7.8430     1.9986     1.9956       0.13      -1.33     -1.18       0.15  -0.010      0.86     1.24     15.4
     14     403      2.0656     7.9552     2.0728     2.0732       0.06      -0.35     -0.37      -0.02   0.001     -1.59    -0.94     14.0
     15     403      2.6415     7.9795     2.6466     2.6463      -0.13      -0.19     -0.18       0.01  -0.007      0.12    -5.74     26.8
     16     403      2.7093     8.0246     2.7115     2.7139      -0.18      -0.08     -0.17      -0.09   0.008     -1.13     2.02     26.6
     17     403      2.7125     7.9855     2.7156     2.7164      -0.14      -0.11     -0.15      -0.03   0.004     -0.79     5.04     25.8
     18     403      2.6910     7.9665     2.7023     2.7026      -0.08      -0.42     -0.43      -0.01   0.001     -1.06    -1.39     23.4
     19     403      2.6965     7.9503     2.7207     2.7210      -0.14      -0.90     -0.91      -0.01   0.002     -0.58    -3.78     21.7

  SOLUSD_RTI  (KXSOL15M, 1,157 closes inside the tape)
    rep_lead=0: replica read at t, the same second as the last published print -- no arrival advantage used
      r  n_test  RMSE model  RMSE repl  RMSE ctrl   RMSE fit  repl imp%  ctrl imp%  fit imp%  fit-ctrl%  b_repl t vs ctrl  MAEimp%   maxerr
      2     404      1.1281     1.4227     1.1291     1.1250       0.25      -0.09      0.28       0.37   0.026      3.04      nan      9.7
      3     404      1.2968     1.5960     1.2993     1.2896       0.21      -0.20      0.55       0.75   0.064      2.14    -2.06      7.1
      4     404      1.7167     1.9498     1.7112     1.6994       0.49       0.32      1.01       0.69   0.117      2.03     3.52     20.6
      5     404      1.7632     1.9065     1.7584     1.7330       1.07       0.27      1.71       1.44   0.131      2.37    -9.28     18.3
      6     404      1.7356     2.0188     1.7341     1.7264       0.33       0.08      0.53       0.44   0.132      0.98     2.74     15.2
      7     404      1.7364     1.9829     1.7444     1.7351       0.50      -0.46      0.07       0.53   0.215      0.79     9.27     13.1
      8     404      1.7214     1.9678     1.7148     1.7104       0.49       0.38      0.64       0.26   0.130      0.67    -1.37     12.8
      9     404      1.7468     1.9888     1.7626     1.7649       0.51      -0.90     -1.03      -0.13   0.251     -0.15    -0.56     11.1
     10     404      1.7139     1.9181     1.7129     1.6860       1.68       0.06      1.63       1.57   0.215      2.08     3.69     10.0
     11     404      2.0287     2.1176     2.0275     1.9821       1.77       0.06      2.29       2.24   0.232      1.67     0.62     16.8
     12     404      2.0990     2.2439     2.0809     2.0645       1.03       0.86      1.64       0.79   0.166      2.10     8.33     18.9
     13     404      2.1031     2.2163     2.1143     2.0943       0.97      -0.53      0.42       0.95   0.150      2.54     1.87     17.5
     14     404      2.0413     2.2382     2.0776     2.0768       0.50      -1.78     -1.74       0.03   0.162      0.06    -2.00     13.7
     15     404      2.6867     2.5497     2.6987     2.6859      -0.19      -0.45      0.03       0.47   0.030      1.29    -2.55     30.6
     16     404      2.7372     2.8967     2.7523     2.7501      -0.06      -0.55     -0.47       0.08   0.043      1.29     5.93     28.7
     17     404      2.6763     2.8860     2.6978     2.6992      -0.14      -0.80     -0.85      -0.05   0.072     -0.38    -0.48     27.0
     18     404      2.6458     2.8366     2.6436     2.6427      -0.14       0.08      0.12       0.04   0.015      1.55    -8.22     25.2
     19     404      2.6556     2.8471     2.6618     2.6629      -0.34      -0.23     -0.28      -0.04  -0.025     -0.98    -6.16     23.8
    rep_lead=1: replica read at t+1 -- the REAL-TIME position, one second of spot the published feed has not printed yet
      r  n_test  RMSE model  RMSE repl  RMSE ctrl   RMSE fit  repl imp%  ctrl imp%  fit imp%  fit-ctrl%  b_repl t vs ctrl  MAEimp%   maxerr
      2     404      1.1281     1.1228     1.1291     0.9804      12.96      -0.09     13.09      13.18   0.240      2.31      nan      9.7
      3     404      1.2968     1.2118     1.2993     1.0879      16.09      -0.20     16.11      16.27   0.505      3.42   -47.79      7.1
      4     404      1.7167     1.3922     1.7112     1.2519      26.21       0.32     27.08      26.84   0.739      1.31   -41.95     20.6
      5     404      1.7632     1.6728     1.7584     1.6057       8.07       0.27      8.93       8.68   0.399      2.79    -3.45     18.3
      6     404      1.7356     1.6776     1.7341     1.5671       8.85       0.08      9.71       9.63   0.628      1.55    -5.92     15.2
      7     404      1.7364     1.8237     1.7444     1.6733       3.92      -0.46      3.63       4.08   0.511      2.10     9.55     13.1
      8     404      1.7214     1.8123     1.7148     1.6604       3.48       0.38      3.55       3.18   0.386      2.08    -1.97     12.8
      9     404      1.7468     1.8120     1.7626     1.6900       3.94      -0.90      3.25       4.12   0.507      1.82     0.97     11.1
     10     404      1.7139     1.8529     1.7132     1.6721       2.64       0.04      2.44       2.40   0.496      1.23     1.34     10.0
     11     404      2.0287     1.7991     2.0277     1.7452      13.24       0.05     13.97      13.93   0.500      1.67     0.42     16.8
     12     404      2.0990     1.9796     2.0809     1.9426       6.82       0.86      7.45       6.65   0.447      1.70     4.08     18.9
     13     404      2.1031     2.1194     2.1143     2.0265       4.11      -0.53      3.64       4.15   0.400      2.87     8.77     17.5
     14     404      2.0413     2.0898     2.0776     2.0005       3.30      -1.78      2.00       3.71   0.469      2.03    12.24     13.7
     15     404      2.6867     2.1240     2.6987     2.2017      17.90      -0.45     18.05      18.42   0.523      1.38    -1.62     30.6
     16     404      2.7372     2.3999     2.7523     2.5421       7.24      -0.55      7.13       7.64   0.404      1.60    12.89     28.7
     17     404      2.6763     2.7572     2.6978     2.6678       0.82      -0.80      0.32       1.12   0.407      1.34     3.58     27.0
     18     404      2.6458     2.7438     2.6436     2.6197       0.51       0.08      0.99       0.90   0.501      0.73    -4.70     25.2
     19     404      2.6556     2.7076     2.6618     2.6159       1.13      -0.23      1.49       1.73   0.287      2.27    -3.69     23.8
    rep_lead=-60: PLACEBO: replica read at t-60, a full minute stale. Whatever this row finds, the fitting procedure manufactures.
      r  n_test  RMSE model  RMSE repl  RMSE ctrl   RMSE fit  repl imp%  ctrl imp%  fit imp%  fit-ctrl%  b_repl t vs ctrl  MAEimp%   maxerr
      2     404      1.1281     7.1012     1.1291     1.1300       0.00      -0.09     -0.17      -0.08  -0.002     -1.29      nan      9.7
      3     404      1.2968     7.2167     1.2993     1.3000      -0.12      -0.20     -0.25      -0.05   0.008     -0.29    -7.94      7.1
      4     404      1.7167     7.2140     1.7112     1.7150      -0.05       0.32      0.10      -0.22   0.018     -1.00    -1.48     20.6
      5     404      1.7632     7.1624     1.7584     1.7615      -0.16       0.27      0.10      -0.18   0.023     -0.61   -13.76     18.3
      6     404      1.7356     7.1398     1.7341     1.7313       0.17       0.08      0.25       0.16   0.015      0.73    -3.53     15.2
      7     404      1.7364     7.1583     1.7444     1.7437       0.11      -0.46     -0.42       0.04   0.004      0.76     3.98     13.1
      8     404      1.7214     7.2228     1.7148     1.7139       0.13       0.38      0.44       0.05   0.004      0.90    -2.22     12.8
      9     404      1.7468     7.3096     1.7626     1.7618       0.07      -0.90     -0.86       0.04   0.003      1.04    -0.02     11.1
     10     404      1.7139     7.3823     1.7132     1.7168      -0.06       0.04     -0.17      -0.21  -0.009     -1.45     0.60     10.0
     11     404      2.0287     7.3657     2.0275     2.0280       0.17       0.06      0.03      -0.03  -0.002     -0.65     2.34     16.8
     12     404      2.0990     7.3836     2.0809     2.0811       0.11       0.86      0.85      -0.01  -0.001     -0.98     3.50     18.9
     13     404      2.1031     7.4907     2.1143     2.1143       0.03      -0.53     -0.53       0.00   0.000      0.25     2.02     17.5
     14     404      2.0413     7.6453     2.0776     2.0776       0.00      -1.78     -1.78       0.00  -0.002      0.03    -6.53     13.7
     15     404      2.6867     7.6523     2.6987     2.6989      -0.12      -0.45     -0.46      -0.01  -0.004     -0.25    -1.86     30.6
     16     404      2.7372     7.5657     2.7523     2.7524      -0.09      -0.55     -0.56      -0.00   0.002     -0.36     4.25     28.7
     17     404      2.6763     7.4848     2.6978     2.6999      -0.15      -0.80     -0.88      -0.08   0.015     -0.61     1.39     27.0
     18     404      2.6458     7.5062     2.6436     2.6435      -0.19       0.08      0.09       0.00   0.007      0.07    -8.16     25.2
     19     404      2.6556     7.4728     2.6618     2.6619      -0.34      -0.23     -0.24      -0.00  -0.001     -0.62    -7.20     23.8

  XRPUSD_RTI  (KXXRP15M, 1,157 closes inside the tape)
    rep_lead=0: replica read at t, the same second as the last published print -- no arrival advantage used
      r  n_test  RMSE model  RMSE repl  RMSE ctrl   RMSE fit  repl imp%  ctrl imp%  fit imp%  fit-ctrl%  b_repl t vs ctrl  MAEimp%   maxerr
      2     404      1.0031     1.7025     0.9832     0.9757       0.49       1.98      2.73       0.76   0.082      1.25    -6.94      9.9
      3     404      1.2934     1.9307     1.2706     1.2666       0.20       1.76      2.07       0.31   0.101      0.57     0.05     13.3
      4     404      2.0011     2.3398     1.9976     1.9834       0.47       0.17      0.88       0.71   0.142      0.76   -16.61     31.5
      5     404      1.9665     2.3687     2.0695     2.0587       0.31      -5.24     -4.69       0.52   0.107      0.99    -0.82     26.6
      6     404      2.0045     2.5095     2.0462     2.0495      -0.09      -2.08     -2.24      -0.16   0.057     -0.68    -1.78     17.5
      7     404      1.8855     2.3859     1.8778     1.8857      -0.29       0.41     -0.01      -0.42   0.075     -1.02     3.53     14.5
      8     404      1.8206     2.2111     1.8405     1.8323       0.28      -1.10     -0.64       0.45   0.103      1.07     5.76     12.6
      9     404      1.7644     2.1539     1.7710     1.7666       0.30      -0.37     -0.12       0.25   0.102      0.71    -0.24     11.3
     10     404      1.7422     2.1462     1.7781     1.7770       0.01      -2.06     -2.00       0.06   0.190      0.07    -8.67      9.5
     11     404      2.4636     2.4756     2.4839     2.4019       2.98      -0.82      2.51       3.30   0.185      1.02     0.66     29.8
     12     404      2.5012     2.8166     2.5262     2.5243       0.12      -1.00     -0.92       0.08   0.163      0.17    -2.80     32.0
     13     404      2.4047     2.6703     2.4902     2.4814       0.60      -3.56     -3.19       0.36   0.175      0.81    -6.08     29.4
     14     404      2.3274     2.5896     2.7809     2.8703       0.68     -19.48    -23.33      -3.22   0.205     -1.14   -14.39     26.5
     15     404      4.3649     4.4245     4.3563     4.3205       0.53       0.20      1.02       0.82   0.175      0.94    -2.08     66.8
     16     404      4.4286     4.9321     4.4689     4.5090      -0.97      -0.91     -1.82      -0.90   0.160     -0.83     4.78     66.0
     17     404      4.1639     4.7133     4.1753     4.2324      -1.45      -0.27     -1.65      -1.37   0.174     -0.94    -0.89     60.0
     18     404      3.9488     4.3361     3.9570     4.0047      -1.19      -0.21     -1.42      -1.21   0.247     -0.96    -1.55     55.6
     19     404      3.8388     4.1195     3.8520     3.8686      -0.52      -0.34     -0.78      -0.43   0.234     -0.59    -0.18     52.3
    rep_lead=1: replica read at t+1 -- the REAL-TIME position, one second of spot the published feed has not printed yet
      r  n_test  RMSE model  RMSE repl  RMSE ctrl   RMSE fit  repl imp%  ctrl imp%  fit imp%  fit-ctrl%  b_repl t vs ctrl  MAEimp%   maxerr
      2     404      1.0031     1.5116     0.9832     0.8577      12.29       1.98     14.49      12.77   0.213      1.88   -26.90      9.9
      3     404      1.2934     1.5724     1.2706     1.1132      12.22       1.76     13.93      12.39   0.394      1.52   -43.70     13.3
      4     404      2.0011     1.7510     1.9976     1.5876      19.02       0.17     20.67      20.53   0.410      0.98   -36.23     31.5
      5     404      1.9665     2.0391     2.0695     1.9013       6.74      -5.24      3.31       8.12   0.321      2.11   -30.39     26.6
      6     404      2.0045     2.1293     2.0462     1.9010       6.89      -2.08      5.16       7.10   0.310      1.50   -22.03     17.5
      7     404      1.8855     2.2799     1.8778     1.8557       1.53       0.41      1.58       1.17   0.294      0.60    -2.50     14.5
      8     404      1.8206     2.1910     1.8405     1.8148       0.90      -1.10      0.32       1.39   0.346      0.64    -2.17     12.6
      9     404      1.7644     2.0589     1.7710     1.7170       3.14      -0.37      2.69       3.05   0.337      1.48   -11.40     11.3
     10     404      1.7422     2.0392     1.7780     1.7051       2.79      -2.05      2.13       4.10   0.335      1.84   -17.36      9.5
     11     404      2.4636     2.0253     2.4840     1.9120      23.15      -0.83     22.39      23.03   0.462      1.32    -8.02     29.8
     12     404      2.5012     2.3145     2.5262     2.3354       7.23      -1.00      6.63       7.55   0.279      1.18    -1.82     32.0
     13     404      2.4047     2.6531     2.4902     2.4374       1.53      -3.56     -1.36       2.12   0.335      1.92    -2.86     29.4
     14     404      2.3274     2.5342     2.7809     2.7370       2.07     -19.48    -17.60       1.58   0.360      1.63    -4.89     26.5
     15     404      4.3649     2.4705     4.3563     3.3328      24.12       0.20     23.65      23.50   0.371      1.30     0.90     66.8
     16     404      4.4286     4.1815     4.4689     4.2467       4.40      -0.91      4.11       4.97   0.422      1.51    -2.09     66.0
     17     404      4.1639     4.6895     4.1753     4.2932      -2.99      -0.27     -3.10      -2.82   0.381     -0.84    -0.07     60.0
     18     404      3.9488     4.4902     3.9570     4.1371      -4.92      -0.21     -4.77      -4.55   0.491     -0.95     3.43     55.6
     19     404      3.8388     4.1384     3.8520     3.8997      -1.53      -0.34     -1.59      -1.24   0.472     -0.48    -1.66     52.3
    rep_lead=-60: PLACEBO: replica read at t-60, a full minute stale. Whatever this row finds, the fitting procedure manufactures.
      r  n_test  RMSE model  RMSE repl  RMSE ctrl   RMSE fit  repl imp%  ctrl imp%  fit imp%  fit-ctrl%  b_repl t vs ctrl  MAEimp%   maxerr
      2     404      1.0031     8.0800     0.9832     0.9848      -0.09       1.98      1.82      -0.16  -0.007     -0.53    -2.12      9.9
      3     404      1.2934     8.1619     1.2706     1.2712       0.05       1.76      1.72      -0.05  -0.007     -0.25    -1.97     13.3
      4     404      2.0011     8.1740     1.9961     1.9963       0.05       0.25      0.24      -0.01  -0.004     -0.24    -8.81     31.5
      5     404      1.9665     8.2015     2.0661     2.0660      -0.23      -5.07     -5.06       0.01  -0.001      0.44     4.30     26.6
      6     404      2.0045     8.2064     2.0456     2.0453      -0.01      -2.05     -2.04       0.02   0.008      0.16    -0.70     17.5
      7     404      1.8855     8.2206     1.8778     1.8773      -0.06       0.41      0.44       0.03   0.002      1.14     2.00     14.5
      8     404      1.8206     8.1952     1.8405     1.8414      -0.33      -1.10     -1.15      -0.05  -0.003     -1.07     3.86     12.6
      9     404      1.7644     8.2755     1.7710     1.7807      -0.58      -0.37     -0.92      -0.55  -0.019     -1.62    -2.11     11.3
     10     404      1.7422     8.5057     1.7780     1.7975      -1.51      -2.05     -3.17      -1.10  -0.030     -2.13    -9.15      9.5
     11     404      2.4636     8.5979     2.4839     2.4933      -0.33      -0.82     -1.20      -0.38  -0.034     -0.69    -7.41     29.8
     12     404      2.5012     8.5940     2.5262     2.5286      -0.11      -1.00     -1.09      -0.09  -0.033     -0.17    -9.24     32.0
     13     404      2.4047     8.4973     2.4902     2.4945      -0.16      -3.56     -3.73      -0.17  -0.035     -0.31    -8.80     29.4
     14     404      2.3274     9.0544     2.7809     2.7713       0.56     -19.48    -19.07       0.35  -0.026      0.90   -10.01     26.5
     15     404      4.3649     9.2245     4.3563     4.3627      -0.25       0.20      0.05      -0.15  -0.024     -0.94    -2.37     66.8
     16     404      4.4286     9.0673     4.4689     4.4727      -0.19      -0.91     -1.00      -0.09  -0.020     -0.73    -2.81     66.0
     17     404      4.1639     8.9628     4.1753     4.1756      -0.08      -0.27     -0.28      -0.01  -0.004     -0.27    -0.08     60.0
     18     404      3.9488     8.8387     3.9570     3.9609      -0.29      -0.21     -0.31      -0.10  -0.015     -0.92    -3.63     55.6
     19     404      3.8388     8.7788     3.8520     3.8516      -0.10      -0.34     -0.33       0.01   0.005      0.29    -3.08     52.3

  DOGEUSD_RTI  (KXDOGE15M, 1,157 closes inside the tape)
    rep_lead=0: replica read at t, the same second as the last published print -- no arrival advantage used
      r  n_test  RMSE model  RMSE repl  RMSE ctrl   RMSE fit  repl imp%  ctrl imp%  fit imp%  fit-ctrl%  b_repl t vs ctrl  MAEimp%   maxerr
      2     404      0.9631     1.6804     0.9745     0.9709       0.17      -1.18     -0.81       0.36   0.031      1.39    -7.18      7.3
      3     404      1.1810     1.8701     1.1872     1.1894       0.04      -0.52     -0.71      -0.19   0.089     -0.30    -3.35      8.2
      4     404      1.3392     2.0292     1.3448     1.3445      -0.02      -0.42     -0.39       0.02   0.081      0.05   -11.60     11.0
      5     404      1.3796     2.0319     1.3773     1.3783       0.27       0.16      0.09      -0.07   0.078     -0.16     7.75     10.6
      6     404      1.4339     2.0203     1.4365     1.4367      -0.09      -0.18     -0.20      -0.01   0.071     -0.05    -6.88     11.3
      7     404      1.4423     2.0421     1.4637     1.4681      -0.02      -1.48     -1.79      -0.30   0.062     -1.17    -4.77      9.9
      8     404      1.4927     2.0437     1.5231     1.5306       0.02      -2.03     -2.54      -0.49   0.096     -0.94    -2.70      8.6
      9     404      1.5017     2.0717     1.5309     1.5297       0.03      -1.95     -1.86       0.08   0.052      0.30     1.24      8.1
     10     404      1.5597     2.1718     1.5655     1.5582       0.21      -0.37      0.09       0.47   0.043      2.07     0.05      7.2
     11     404      2.6765     2.7800     2.6516     2.6393       0.54       0.93      1.39       0.47   0.056      1.35    -0.32     36.7
     12     404      2.4379     2.6621     2.4419     2.4330       0.31      -0.16      0.20       0.36   0.045      2.40     2.02     30.1
     13     404      2.3554     2.6607     2.3831     2.3751       0.61      -1.18     -0.84       0.33   0.093      1.12    -3.15     28.2
     14     404      2.3307     2.6175     2.4010     2.4100       0.78      -3.02     -3.40      -0.37   0.128     -0.65    -2.30     25.5
     15     404      3.0036     3.0541     3.0102     2.9685       1.26      -0.22      1.17       1.39   0.163      0.90     0.79     34.9
     16     404      3.0827     3.3457     3.0838     3.0786       0.33      -0.04      0.13       0.17   0.144      0.55     0.88     33.6
     17     404      3.0268     3.3379     3.0265     3.0263       0.11       0.01      0.02       0.01   0.090      0.03     2.02     31.3
     18     404      2.9273     3.3033     2.9458     2.9476      -0.13      -0.63     -0.69      -0.06   0.111     -0.20    -5.78     29.6
     19     404      2.9063     3.3023     2.9136     2.9281      -0.45      -0.25     -0.75      -0.50   0.158     -1.06    -1.29     27.5
    rep_lead=1: replica read at t+1 -- the REAL-TIME position, one second of spot the published feed has not printed yet
      r  n_test  RMSE model  RMSE repl  RMSE ctrl   RMSE fit  repl imp%  ctrl imp%  fit imp%  fit-ctrl%  b_repl t vs ctrl  MAEimp%   maxerr
      2     404      0.9631     1.4307     0.9745     0.8935       8.15      -1.18      7.23       8.31   0.182      2.78   -21.66      7.3
      3     404      1.1810     1.5505     1.1872     1.1099       7.48      -0.52      6.02       6.51   0.307      1.73   -28.15      8.2
      4     404      1.3392     1.7191     1.3448     1.2213       8.93      -0.42      8.81       9.19   0.315      1.47   -34.88     11.0
      5     404      1.3796     1.8570     1.3773     1.3270       3.99       0.16      3.81       3.65   0.202      1.40    -1.43     10.6
      6     404      1.4339     1.8921     1.4365     1.4128       1.45      -0.18      1.47       1.65   0.255      1.05   -10.19     11.3
      7     404      1.4423     1.8856     1.4637     1.4746       0.31      -1.48     -2.24      -0.74   0.332     -0.43   -17.28      9.9
      8     404      1.4927     1.9307     1.5231     1.4985       2.13      -2.03     -0.39       1.61   0.162      1.10    -7.87      8.6
      9     404      1.5017     1.9345     1.5309     1.4989       2.44      -1.95      0.19       2.09   0.217      1.11    -3.80      8.1
     10     404      1.5597     2.0805     1.5654     1.5555       0.49      -0.37      0.26       0.63   0.327      0.32    -8.05      7.2
     11     404      2.6765     2.0914     2.6517     2.3911      10.15       0.93     10.66       9.83   0.235      1.44    -5.65     36.7
     12     404      2.4379     2.5941     2.4419     2.4078       1.39      -0.16      1.24       1.40   0.151      2.33     0.23     30.1
     13     404      2.3554     2.5109     2.3831     2.3549       1.42      -1.18      0.02       1.18   0.118      2.89    -7.22     28.2
     14     404      2.3307     2.5345     2.4010     2.4040       2.49      -3.02     -3.14      -0.12   0.230     -0.10    -1.92     25.5
     15     404      3.0036     2.5016     3.0102     2.6811       9.93      -0.22     10.74      10.93   0.262      1.46    -0.01     34.9
     16     404      3.0827     2.8949     3.0838     2.9011       5.99      -0.04      5.89       5.92   0.310      1.59    -0.57     33.6
     17     404      3.0268     3.1839     3.0265     2.9916       1.36       0.01      1.16       1.16   0.216      1.44     1.07     31.3
     18     404      2.9273     3.1861     2.9458     2.9324       0.51      -0.63     -0.18       0.45   0.209      0.76    -7.21     29.6
     19     404      2.9063     3.1686     2.9136     2.8986       0.42      -0.25      0.27       0.52   0.290      0.49    -4.19     27.5
    rep_lead=-60: PLACEBO: replica read at t-60, a full minute stale. Whatever this row finds, the fitting procedure manufactures.
      r  n_test  RMSE model  RMSE repl  RMSE ctrl   RMSE fit  repl imp%  ctrl imp%  fit imp%  fit-ctrl%  b_repl t vs ctrl  MAEimp%   maxerr
      2     404      0.9631     7.5929     0.9745     0.9757      -0.20      -1.18     -1.31      -0.13  -0.006     -0.76    -3.33      7.3
      3     404      1.1810     7.6038     1.1873     1.1864      -0.48      -0.53     -0.45       0.07  -0.006      0.56    -1.68      8.2
      4     404      1.3392     7.6862     1.3448     1.3444      -0.24      -0.42     -0.39       0.03  -0.002      0.81    -4.70     11.0
      5     404      1.3796     7.6606     1.3773     1.3771       0.06       0.17      0.18       0.02   0.002      0.41     6.74     10.6
      6     404      1.4339     7.6043     1.4367     1.4354      -0.09      -0.20     -0.11       0.08   0.006      0.77    -5.43     11.3
      7     404      1.4423     7.5429     1.4637     1.4615      -0.16      -1.48     -1.33       0.15   0.006      1.44    -3.68      9.9
      8     404      1.4927     7.6066     1.5231     1.5205      -0.48      -2.03     -1.86       0.17   0.008      1.25     2.12      8.6
      9     404      1.5017     7.5611     1.5309     1.5305      -1.46      -1.95     -1.92       0.03   0.004      0.43    -2.71      8.1
     10     404      1.5597     7.9696     1.5654     1.5651      -0.47      -0.37     -0.35       0.02   0.002      0.57     0.59      7.2
     11     404      2.6765     8.0810     2.6516     2.6577      -0.89       0.93      0.70      -0.23   0.011     -0.90    -0.77     36.7
     12     404      2.4379     8.1530     2.4419     2.4455      -0.67      -0.16     -0.31      -0.15   0.007     -0.89     6.00     30.1
     13     404      2.3554     8.1669     2.3831     2.3949      -0.95      -1.18     -1.68      -0.50   0.014     -1.30     3.69     28.2
     14     404      2.3307     8.4648     2.4006     2.4147      -0.47      -3.00     -3.60      -0.59   0.013     -1.70    -0.59     25.5
     15     404      3.0036     8.5276     3.0105     3.0115      -0.28      -0.23     -0.26      -0.03   0.001     -1.47     0.03     34.9
     16     404      3.0827     8.4913     3.0838     3.0932      -0.61      -0.04     -0.34      -0.30   0.010     -1.93    -1.05     33.6
     17     404      3.0268     8.3664     3.0265     3.0467      -0.73       0.01     -0.66      -0.67   0.021     -1.92    -0.32     31.3
     18     404      2.9273     8.3159     2.9458     2.9627      -0.62      -0.63     -1.21      -0.57   0.020     -1.76    -6.15     29.6
     19     404      2.9063     8.2484     2.9136     2.9301      -0.58      -0.25     -0.82      -0.56   0.022     -1.55     1.44     27.5

  BCHUSD_RTI (KXBCH15M): no settled markets -- skipped

  ADAUSD_RTI (KXADA15M): no settled markets -- skipped

  total wall time 393s
EXIT=0
