
##############################################################################
# REAL DATA
##############################################################################
  328 hour files, 20260825T03 .. 20260908T12, 1,245,602 seconds of span
  loaded in 122s
  index ids with a replica: ADAUSD_RTI=935,505s, BCHUSD_RTI=1,120,684s, BRTI=1,120,688s, DOGEUSD_RTI=1,120,682s, ETHUSD_RTI=1,120,687s, SOLUSD_RTI=1,120,686s, XRPUSD_RTI=1,120,684s
  index ids with NO replica (no constituent books recorded): BNBUSD_RTI, HYPEUSD_RTI, NEARUSD_RTI, ZECUSD_RTI
  replica seconds: ADAUSD_RTI=1,159,875, BCHUSD_RTI=1,159,480, BRTI=1,160,344, DOGEUSD_RTI=1,160,092, ETHUSD_RTI=1,160,325, SOLUSD_RTI=1,160,342, XRPUSD_RTI=1,160,316
  median exchanges per second in the replica: ADAUSD_RTI=2, BCHUSD_RTI=2, BRTI=4, DOGEUSD_RTI=2, ETHUSD_RTI=3, SOLUSD_RTI=3, XRPUSD_RTI=3

==============================================================================
1. TIMING -- does the replica ARRIVE before the index print?
==============================================================================
  Both stamps are local time.time() on THIS machine: _rx_ms in
  kalshi_collector.py:326, _rx in crypto_feeds.py index_replica().
  Same clock, two processes -- so this is arrival, not skew.

  CF print stamp -> our receipt (ms), n=7,659,616
    p1 48  p25 85  MEDIAN 109  p75 159  p95 1376  p99 3303
  replica top-of-second -> its own stamp (ms), n=1,160,344
    p1 0.0  p25 2.0  MEDIAN 4.0  p75 8.0  p95 14.0  p99 16.0

  GAP for the SAME second = index receipt - replica stamp, ms
  (positive = the replica was in hand first)
  index                  n      p1      p5     p25   MEDIAN     p75     p95     p99  %replica first
  BRTI           1,110,428      43      56      82      107     158    1375    3301         100.00%
  ETHUSD_RTI     1,110,408      42      55      81      106     157    1376    3297         100.00%
  SOLUSD_RTI     1,110,425      40      54      80      105     156    1374    3297         100.00%
  XRPUSD_RTI     1,110,398      40      53      80      104     156    1373    3296         100.00%
  DOGEUSD_RTI    1,110,208      40      52      79      104     155    1370    3291         100.00%
  BCHUSD_RTI     1,109,616      41      54      80      105     156    1371    3289         100.00%
  ADAUSD_RTI       931,164      39      52      76       97     132    1346    3129         100.00%

==============================================================================
2. PREDICTIVE POWER -- replica[t] rebased vs persistence
==============================================================================
  P0 persistence  index[t]                    (what the model does)
  P1 rebased      replica[t] - ebar[t]        (ebar = causal 300s mean of replica-index)
  P2 fitted OOS   index[t] + b_k*(rebased - index[t]), b_k fitted
                  on the first 60% of the span BY TIME, scored on the rest
  P3 DIAGNOSTIC   index[t] + (replica[t+k] - replica[t]) -- uses the
                  FUTURE replica, NOT TRADEABLE, an upper bound only
  P4 fitted OOS   as P2 but with the replica's own last move
                  (replica[t]-replica[t-1]) as a second regressor

  BRTI  (KXBTC15M, 4 exchanges median, 1,110,649 seconds with both)
      k    n_test      RMSE P0      RMSE P1      RMSE P2  P1 imp%  P2 imp%  P4 imp%  b_basis P3 imp%(na)
      1   461,637      4.29325      6.90313      4.29343   -60.79    -0.00     0.03   -0.009       12.42
      2   461,620      6.18836      8.20012      6.18849   -32.51    -0.00     0.02   -0.005       28.01
      3   461,605      7.63621      9.33261      7.63626   -22.22    -0.00     0.01   -0.002       36.33
      4   461,591      8.83811      10.3351       8.8382   -16.94    -0.00     0.01   -0.002       41.72
      5   461,577      9.89968      11.2567      9.89982   -13.71    -0.00     0.01   -0.004       45.77
      6   461,563      10.8627      12.1178      10.8628   -11.55    -0.00     0.01   -0.004       48.98
      7   461,549      11.7436      12.9148      11.7437    -9.97    -0.00     0.01    0.001       51.47
      8   461,535      12.5599      13.6665        12.56    -8.81    -0.00     0.00    0.004       53.52
      9   461,521      13.3304      14.3762      13.3305    -7.85    -0.00     0.01    0.007       55.38
     10   461,508      14.0677      15.0686      14.0679    -7.12    -0.00     0.00    0.011       56.95
     11   461,497      14.7735      15.7314       14.774    -6.48    -0.00    -0.00    0.016       58.49
     12   461,487      15.4399      16.3559      15.4404    -5.93    -0.00    -0.00    0.019       59.85
     13   461,477      16.0769      16.9571      16.0775    -5.47    -0.00    -0.00    0.023       61.04
     14   461,467       16.685      17.5293      16.6855    -5.06    -0.00    -0.00    0.024       62.06
     15   461,456      17.2564      18.0761      17.2571    -4.75    -0.00    -0.00    0.025       63.20
     16   461,445      17.8019         18.6      17.8027    -4.48    -0.00    -0.00    0.028       64.02
     17   461,435      18.3291      19.1111      18.3301    -4.27    -0.01    -0.01    0.029       64.84
     18   461,425      18.8409      19.6037      18.8421    -4.05    -0.01    -0.01    0.031       65.59
     19   461,416      19.3386      20.0888        19.34    -3.88    -0.01    -0.01    0.032       66.31
     20   461,408      19.8256       20.566      19.8273    -3.73    -0.01    -0.01    0.032       67.00

  ETHUSD_RTI  (KXETH15M, 3 exchanges median, 1,110,629 seconds with both)
      k    n_test      RMSE P0      RMSE P1      RMSE P2  P1 imp%  P2 imp%  P4 imp%  b_basis P3 imp%(na)
      1   461,635     0.157825     0.227226     0.157151   -43.97     0.43     0.89    0.052       13.71
      2   461,618     0.230444     0.279592     0.229679   -21.33     0.33     0.69    0.067       30.39
      3   461,603     0.286509     0.326642      0.28581   -14.01     0.24     0.55    0.073       39.15
      4   461,589     0.334059     0.368826     0.333422   -10.41     0.19     0.49    0.077       45.36
      5   461,575      0.37714      0.40777     0.376526    -8.12     0.16     0.44    0.079       49.93
      6   461,561      0.41717     0.444173     0.416519    -6.47     0.16     0.40    0.084       53.32
      7   461,547     0.454015     0.478286     0.453337    -5.35     0.15     0.39    0.089       56.05
      8   461,533     0.488576     0.510965     0.487921    -4.58     0.13     0.35    0.090       58.45
      9   461,519      0.52091     0.541948     0.520282    -4.04     0.12     0.32    0.093       60.47
     10   461,506     0.551327     0.571388     0.550743    -3.64     0.11     0.29    0.095       62.26
     11   461,495     0.580419     0.599503     0.579857    -3.29     0.10     0.26    0.098       63.87
     12   461,485      0.60824     0.625895     0.607637    -2.90     0.10     0.25    0.100       65.22
     13   461,475     0.635033     0.651495     0.634396    -2.59     0.10     0.24    0.104       66.35
     14   461,465     0.660744     0.676441     0.660117    -2.38     0.09     0.22    0.105       67.41
     15   461,454     0.684714     0.699982     0.684116    -2.23     0.09     0.19    0.107       68.47
     16   461,443     0.707504     0.722358     0.706913    -2.10     0.08     0.17    0.114       69.36
     17   461,433     0.729554     0.743709     0.728939    -1.94     0.08     0.17    0.119       70.14
     18   461,423      0.75114     0.764551     0.750491    -1.79     0.09     0.17    0.124       70.89
     19   461,414     0.772181     0.785202     0.771544    -1.69     0.08     0.16    0.125       71.51
     20   461,406     0.792514     0.805295     0.791906    -1.61     0.08     0.15    0.126       72.17

  SOLUSD_RTI  (KXSOL15M, 3 exchanges median, 1,110,645 seconds with both)
      k    n_test      RMSE P0      RMSE P1      RMSE P2  P1 imp%  P2 imp%  P4 imp%  b_basis P3 imp%(na)
      1   461,635    0.0088849    0.0125018   0.00884404   -40.71     0.46     1.06    0.053       14.56
      2   461,618    0.0127586    0.0153695    0.0127171   -20.46     0.33     0.70    0.063       29.05
      3   461,603    0.0157542    0.0178376    0.0157113   -13.22     0.27     0.57    0.069       36.97
      4   461,589    0.0183004    0.0200427    0.0182557    -9.52     0.24     0.52    0.073       42.73
      5   461,575    0.0205935      0.02209    0.0205464    -7.27     0.23     0.46    0.078       46.76
      6   461,561    0.0226514    0.0239777    0.0226032    -5.86     0.21     0.41    0.083       50.09
      7   461,547    0.0245366    0.0257399    0.0244881    -4.90     0.20     0.36    0.087       53.17
      8   461,533    0.0263067    0.0273752    0.0262542    -4.06     0.20     0.35    0.093       55.72
      9   461,519    0.0279701    0.0289386    0.0279153    -3.46     0.20     0.34    0.097       57.93
     10   461,506    0.0295545    0.0304351     0.029497    -2.98     0.19     0.33    0.102       59.79
     11   461,495    0.0310742    0.0318798    0.0310135    -2.59     0.20     0.32    0.108       61.51
     12   461,485    0.0325302    0.0332703    0.0324668    -2.28     0.19     0.31    0.113       62.97
     13   461,475    0.0339123    0.0346071    0.0338482    -2.05     0.19     0.29    0.117       64.29
     14   461,465    0.0352353    0.0358932    0.0351712    -1.87     0.18     0.27    0.120       65.49
     15   461,454    0.0364834    0.0371108    0.0364196    -1.72     0.17     0.25    0.123       66.48
     16   461,443    0.0376813    0.0382731    0.0376159    -1.57     0.17     0.23    0.128       67.44
     17   461,433    0.0388196     0.039384    0.0387536    -1.45     0.17     0.23    0.131       68.38
     18   461,423    0.0399328    0.0404631    0.0398649    -1.33     0.17     0.23    0.135       69.18
     19   461,414    0.0410203    0.0415234    0.0409514    -1.23     0.17     0.23    0.138       69.86
     20   461,406    0.0420908    0.0425728     0.042022    -1.15     0.16     0.22    0.140       70.58

  XRPUSD_RTI  (KXXRP15M, 3 exchanges median, 1,110,617 seconds with both)
      k    n_test      RMSE P0      RMSE P1      RMSE P2  P1 imp%  P2 imp%  P4 imp%  b_basis P3 imp%(na)
      1   461,635  0.000119904  0.000174292  0.000119426   -45.36     0.40     1.93    0.044       13.96
      2   461,618  0.000181973   0.00021971  0.000181384   -20.74     0.32     1.16    0.077       35.16
      3   461,603  0.000228338  0.000258641  0.000227734   -13.27     0.26     0.85    0.103       44.05
      4   461,589  0.000267665  0.000292921     0.000267    -9.44     0.25     0.74    0.125       49.46
      5   461,575  0.000302177  0.000324433  0.000301537    -7.37     0.21     0.61    0.147       53.69
      6   461,561  0.000333592  0.000353432  0.000332951    -5.95     0.19     0.54    0.164       57.07
      7   461,547  0.000362882  0.000380654  0.000362213    -4.90     0.18     0.50    0.182       59.52
      8   461,533  0.000390405  0.000406527   0.00038972    -4.13     0.18     0.46    0.201       61.91
      9   461,519  0.000416442  0.000431173   0.00041574    -3.54     0.17     0.44    0.219       63.85
     10   461,506  0.000441498  0.000454942  0.000440755    -3.04     0.17     0.44    0.235       65.22
     11   461,495  0.000465518  0.000478201  0.000464824    -2.72     0.15     0.38    0.249       66.98
     12   461,485  0.000488353   0.00050027  0.000487676    -2.44     0.14     0.35    0.262       68.12
     13   461,475  0.000510069  0.000521514  0.000509463    -2.24     0.12     0.31    0.274       69.24
     14   461,465  0.000530633  0.000541757  0.000530117    -2.10     0.10     0.25    0.285       70.31
     15   461,454  0.000550101  0.000560815  0.000549629    -1.95     0.09     0.23    0.294       71.21
     16   461,443  0.000568842  0.000579143  0.000568405    -1.81     0.08     0.20    0.304       72.00
     17   461,433  0.000586943  0.000596804   0.00058652    -1.68     0.07     0.19    0.314       72.78
     18   461,423  0.000604556  0.000613995  0.000604149    -1.56     0.07     0.18    0.327       73.39
     19   461,414  0.000621771   0.00063077  0.000621358    -1.45     0.07     0.17    0.337       74.09
     20   461,406  0.000638565  0.000647208  0.000638166    -1.35     0.06     0.17    0.348       74.58

  DOGEUSD_RTI  (KXDOGE15M, 2 exchanges median, 1,110,428 seconds with both)
      k    n_test      RMSE P0      RMSE P1      RMSE P2  P1 imp%  P2 imp%  P4 imp%  b_basis P3 imp%(na)
      1   461,630  1.07286e-05  1.59512e-05  1.07094e-05   -48.68     0.18     0.34    0.047       17.48
      2   461,613  1.53936e-05  1.92646e-05  1.53707e-05   -25.15     0.15     0.29    0.057       30.86
      3   461,598  1.90277e-05  2.22129e-05  1.90043e-05   -16.74     0.12     0.23    0.062       37.76
      4   461,584  2.20825e-05  2.48254e-05  2.20583e-05   -12.42     0.11     0.23    0.064       42.40
      5   461,570  2.48239e-05  2.72761e-05  2.48006e-05    -9.88     0.09     0.20    0.070       46.15
      6   461,556  2.73665e-05  2.95736e-05  2.73421e-05    -8.07     0.09     0.18    0.076       49.18
      7   461,542  2.96815e-05   3.1702e-05  2.96567e-05    -6.81     0.08     0.17    0.079       51.77
      8   461,528   3.1886e-05  3.37295e-05  3.18588e-05    -5.78     0.09     0.17    0.082       54.08
      9   461,514  3.39342e-05  3.56427e-05  3.39059e-05    -5.03     0.08     0.16    0.085       56.03
     10   461,501  3.58638e-05  3.74685e-05  3.58351e-05    -4.47     0.08     0.14    0.090       57.92
     11   461,490  3.76919e-05  3.91903e-05  3.76612e-05    -3.98     0.08     0.14    0.094       59.76
     12   461,480  3.94248e-05  4.08338e-05  3.93926e-05    -3.57     0.08     0.13    0.097       61.34
     13   461,470  4.10934e-05  4.24128e-05  4.10585e-05    -3.21     0.08     0.13    0.102       62.77
     14   461,460  4.26947e-05    4.395e-05  4.26591e-05    -2.94     0.08     0.12    0.105       64.07
     15   461,449  4.42182e-05  4.54056e-05  4.41808e-05    -2.69     0.08     0.12    0.108       65.20
     16   461,438  4.56594e-05   4.6796e-05  4.56217e-05    -2.49     0.08     0.11    0.108       66.21
     17   461,428  4.70339e-05   4.8129e-05  4.69958e-05    -2.33     0.08     0.10    0.113       67.15
     18   461,418  4.83622e-05  4.94256e-05  4.83246e-05    -2.20     0.08     0.10    0.116       68.00
     19   461,409  4.96519e-05  5.06871e-05  4.96152e-05    -2.08     0.07     0.10    0.118       68.77
     20   461,401  5.09449e-05   5.1952e-05  5.09086e-05    -1.98     0.07     0.09    0.122       69.50

  BCHUSD_RTI  (KXBCH15M, 2 exchanges median, 1,109,829 seconds with both)
      k    n_test      RMSE P0      RMSE P1      RMSE P2  P1 imp%  P2 imp%  P4 imp%  b_basis P3 imp%(na)
      1   461,629     0.022553    0.0705021    0.0225164  -212.61     0.16     0.47    0.066      -74.27
      2   461,612    0.0334376    0.0733264    0.0333445  -119.29     0.28     0.80    0.100      -48.60
      3   461,597    0.0430864    0.0771438    0.0429567   -79.04     0.30     0.75    0.129      -32.03
      4   461,583    0.0514416    0.0813107    0.0513053   -58.06     0.27     0.60    0.154      -21.84
      5   461,569    0.0588919    0.0855773    0.0587521   -45.31     0.24     0.49    0.176      -15.04
      6   461,555    0.0655977    0.0897994    0.0654562   -36.89     0.22     0.42    0.195       -9.97
      7   461,541    0.0717495     0.093973     0.071631   -30.97     0.17     0.30    0.214       -5.89
      8   461,527    0.0775088    0.0980598    0.0773917   -26.51     0.15     0.26    0.230       -2.29
      9   461,513    0.0830179     0.102101    0.0828943   -22.99     0.15     0.26    0.244        0.77
     10   461,500    0.0882771     0.106106    0.0881516   -20.20     0.14     0.24    0.258        3.53
     11   461,489    0.0933022      0.11005    0.0931718   -17.95     0.14     0.25    0.270        8.31
     12   461,479    0.0981263     0.113973    0.0980141   -16.15     0.11     0.21    0.283       12.65
     13   461,469     0.102774     0.117797     0.102675   -14.62     0.10     0.18    0.295       16.40
     14   461,459     0.107225      0.12151     0.107146   -13.32     0.07     0.14    0.307       19.45
     15   461,448     0.111498     0.125143     0.111434   -12.24     0.06     0.11    0.318       22.26
     16   461,437     0.115626     0.128682     0.115573   -11.29     0.05     0.10    0.328       24.94
     17   461,427     0.119655     0.132182     0.119618   -10.47     0.03     0.09    0.338       27.34
     18   461,417     0.123576     0.135596     0.123538    -9.73     0.03     0.10    0.346       29.33
     19   461,408     0.127432     0.138986     0.127399    -9.07     0.03     0.09    0.354       31.26
     20   461,400     0.131196     0.142316     0.131161    -8.48     0.03     0.09    0.361       33.11

  ADAUSD_RTI  (KXADA15M, 2 exchanges median, 931,334 seconds with both)
      k    n_test      RMSE P0      RMSE P1      RMSE P2  P1 imp%  P2 imp%  P4 imp%  b_basis P3 imp%(na)
      1   461,635   2.5927e-05  3.84375e-05  2.57969e-05   -48.25     0.50     0.85    0.053       28.03
      2   461,618  3.69171e-05  4.58949e-05  3.67505e-05   -24.32     0.45     0.72    0.072       40.90
      3   461,603  4.56363e-05  5.26432e-05  4.54364e-05   -15.35     0.44     0.68    0.086       47.21
      4   461,589   5.3089e-05  5.88875e-05  5.28667e-05   -10.92     0.42     0.66    0.099       51.44
      5   461,575   5.9808e-05  6.47718e-05  5.95683e-05    -8.30     0.40     0.63    0.112       54.71
      6   461,561  6.59702e-05  7.03251e-05  6.57179e-05    -6.60     0.38     0.59    0.124       57.26
      7   461,547  7.16825e-05  7.55453e-05  7.14133e-05    -5.39     0.38     0.56    0.138       59.44
      8   461,533  7.70904e-05  8.04981e-05  7.68008e-05    -4.42     0.38     0.56    0.148       61.27
      9   461,519  8.22304e-05  8.52918e-05  8.19295e-05    -3.72     0.37     0.56    0.156       62.83
     10   461,506  8.71735e-05  8.99608e-05  8.68629e-05    -3.20     0.36     0.53    0.166       64.32
     11   461,495  9.18678e-05  9.44168e-05  9.15485e-05    -2.77     0.35     0.50    0.174       65.81
     12   461,485  9.63215e-05  9.86656e-05  9.59937e-05    -2.43     0.34     0.47    0.182       67.03
     13   461,475  0.000100518  0.000102691  0.000100184    -2.16     0.33     0.45    0.190       68.07
     14   461,465  0.000104525  0.000106574   0.00010419    -1.96     0.32     0.41    0.197       69.08
     15   461,454  0.000108332  0.000110244  0.000107989    -1.77     0.32     0.40    0.206       69.90
     16   461,443  0.000111996  0.000113799  0.000111649    -1.61     0.31     0.38    0.214       70.67
     17   461,433  0.000115504  0.000117201  0.000115153    -1.47     0.30     0.37    0.219       71.34
     18   461,423  0.000118919  0.000120499  0.000118559    -1.33     0.30     0.36    0.225       71.97
     19   461,414  0.000122206  0.000123675  0.000121835    -1.20     0.30     0.36    0.233       72.57
     20   461,406  0.000125428   0.00012678  0.000125043    -1.08     0.31     0.36    0.240       73.11

==============================================================================
2b. NOWCAST -- is the 92ms arrival lead worth a WHOLE SECOND?
==============================================================================
  At wall clock T+5ms we hold replica[T].  A reader of the published
  feed holds only index[T-1] until T+~95ms.  So the question is not
  whether the replica predicts the future -- it is whether it reads
  the CURRENT second better than the last published print does.
    N0  index[t-1]                     the feed, stale by one second
    N1  replica[t] - ebar[t]           the rebased replica
    N2  index[t-1] + b*(N1 - index[t-1])   best blend, fitted OOS
  all scored against index[t] itself.
  index             n_test      RMSE N0      RMSE N1      RMSE N2  N1 imp%  N2 imp%    beta
  BRTI             461,659      4.29323      5.39493      3.84274   -25.66    10.49   0.352
  ETHUSD_RTI       461,657     0.157829     0.180263     0.130319   -14.21    17.43   0.336
  SOLUSD_RTI       461,657   0.00888503    0.0098089    0.0073808   -10.40    16.93   0.440
  XRPUSD_RTI       461,657  0.000119905  0.000139447  9.38517e-05   -16.30    21.73   0.352
  DOGEUSD_RTI      461,653  1.07283e-05  1.24661e-05   9.2031e-06   -16.20    14.22   0.269
  BCHUSD_RTI       461,652    0.0225525    0.0693369    0.0217532  -207.45     3.54   0.189
  ADAUSD_RTI       461,657  2.59268e-05  3.13839e-05  2.11634e-05   -21.05    18.37   0.293

==============================================================================
3. THE DECISIVE TEST -- the r UNPUBLISHED settlement prints
==============================================================================
  Settlement = mean of index prints at seconds [close-60, close-1].
  With r unpublished, decision second t = close-1-r and the unknown
  is mean(index[close-r .. close-1]).  Errors divided by the index's
  own causal 300s per-second sigma so coins pool.

  BRTI  (KXBTC15M, 1,155 closes inside the tape)
      r  n_test   RMSE model  RMSE replica  RMSE fitted  replica imp%  fitted imp%    beta
      2     403       1.0537        2.0499       1.0535       -94.54%        0.02%  -0.001
      3     403       1.2088        2.2704       1.2089       -87.82%       -0.01%  -0.004
      4     403       1.5373        2.4053       1.5353       -56.46%        0.13%  -0.030
      5     403       1.7002        2.5167       1.7017       -48.02%       -0.09%  -0.019
      6     403       2.0208        2.6382       2.0282       -30.55%       -0.37%  -0.035
      7     403       1.8747        2.6308       1.8787       -40.33%       -0.21%  -0.039
      8     403       1.7961        2.5000       1.7987       -39.19%       -0.14%  -0.032
      9     403       2.0199        2.6188       2.0251       -29.65%       -0.25%  -0.026
     10     403       2.0467        2.6197       2.0697       -28.00%       -1.12%  -0.072
     11     403       2.1035        2.8291       2.1031       -34.49%        0.02%  -0.009
     12     403       2.2435        2.8288       2.2455       -26.09%       -0.09%  -0.003
     13     403       2.1653        2.8338       2.1658       -30.87%       -0.02%   0.001
     14     403       2.5725        3.2999       2.5715       -28.28%        0.04%  -0.095
     15     403       2.8463        3.3834       2.8493       -18.87%       -0.11%  -0.109
     16     403       2.9505        3.5431       2.9453       -20.09%        0.18%  -0.077
     17     403       2.9064        3.5280       2.9032       -21.39%        0.11%  -0.055
     18     403       2.8438        3.4482       2.8390       -21.25%        0.17%  -0.094
     19     403       2.9328        3.4619       2.9321       -18.04%        0.02%   0.000

  ETHUSD_RTI  (KXETH15M, 1,155 closes inside the tape)
      r  n_test   RMSE model  RMSE replica  RMSE fitted  replica imp%  fitted imp%    beta
      2     403       1.1183        1.8847       1.1171       -68.53%        0.11%   0.030
      3     403       1.1657        1.8804       1.1729       -61.30%       -0.62%   0.079
      4     403       1.4232        2.0512       1.4238       -44.12%       -0.04%   0.055
      5     403       1.4851        1.9812       1.4787       -33.40%        0.43%   0.076
      6     403       1.5897        2.0404       1.5841       -28.35%        0.35%   0.030
      7     403       1.5471        2.0298       1.5420       -31.20%        0.33%   0.030
      8     403       1.5810        2.1365       1.5815       -35.14%       -0.03%  -0.003
      9     403       1.6855        2.1695       1.6806       -28.72%        0.29%   0.025
     10     403       1.6816        2.1952       1.6766       -30.54%        0.30%   0.065
     11     403       2.0460        2.5287       2.0399       -23.59%        0.30%   0.044
     12     403       2.0655        2.4001       2.0578       -16.20%        0.37%   0.067
     13     403       1.9723        2.3404       1.9687       -18.66%        0.18%   0.040
     14     403       2.0656        2.4715       2.0678       -19.65%       -0.11%   0.009
     15     403       2.6415        2.9795       2.6452       -12.80%       -0.14%   0.034
     16     403       2.7093        3.0132       2.7042       -11.22%        0.19%   0.092
     17     403       2.7125        3.0230       2.7100       -11.45%        0.09%   0.067
     18     403       2.6910        3.0410       2.6917       -13.00%       -0.02%   0.067
     19     403       2.6965        3.0553       2.6993       -13.31%       -0.10%   0.028

  SOLUSD_RTI  (KXSOL15M, 1,157 closes inside the tape)
      r  n_test   RMSE model  RMSE replica  RMSE fitted  replica imp%  fitted imp%    beta
      2     404       1.1281        1.4227       1.1252       -26.12%        0.25%   0.016
      3     404       1.2968        1.5960       1.2940       -23.08%        0.21%   0.019
      4     404       1.7167        1.9498       1.7083       -13.57%        0.49%   0.097
      5     404       1.7632        1.9065       1.7444        -8.13%        1.07%   0.101
      6     404       1.7356        2.0188       1.7298       -16.32%        0.33%   0.088
      7     404       1.7364        1.9829       1.7277       -14.20%        0.50%   0.222
      8     404       1.7214        1.9678       1.7130       -14.31%        0.49%   0.139
      9     404       1.7468        1.9888       1.7380       -13.85%        0.51%   0.203
     10     404       1.7139        1.9181       1.6852       -11.91%        1.68%   0.199
     11     404       2.0287        2.1176       1.9927        -4.39%        1.77%   0.204
     12     404       2.0990        2.2439       2.0775        -6.90%        1.03%   0.172
     13     404       2.1031        2.2163       2.0826        -5.38%        0.97%   0.151
     14     404       2.0413        2.2382       2.0310        -9.64%        0.50%   0.117
     15     404       2.6867        2.5497       2.6917         5.10%       -0.19%  -0.003
     16     404       2.7372        2.8967       2.7389        -5.83%       -0.06%   0.013
     17     404       2.6763        2.8860       2.6800        -7.83%       -0.14%   0.022
     18     404       2.6458        2.8366       2.6495        -7.21%       -0.14%   0.033
     19     404       2.6556        2.8471       2.6645        -7.21%       -0.34%  -0.045

  XRPUSD_RTI  (KXXRP15M, 1,157 closes inside the tape)
      r  n_test   RMSE model  RMSE replica  RMSE fitted  replica imp%  fitted imp%    beta
      2     404       1.0031        1.7025       0.9981       -69.73%        0.49%   0.080
      3     404       1.2934        1.9307       1.2908       -49.27%        0.20%   0.080
      4     404       2.0011        2.3398       1.9916       -16.93%        0.47%   0.100
      5     404       1.9665        2.3687       1.9603       -20.45%        0.31%   0.097
      6     404       2.0045        2.5095       2.0062       -25.20%       -0.09%   0.052
      7     404       1.8855        2.3859       1.8910       -26.54%       -0.29%   0.057
      8     404       1.8206        2.2111       1.8154       -21.45%        0.28%   0.106
      9     404       1.7644        2.1539       1.7591       -22.07%        0.30%   0.105
     10     404       1.7422        2.1462       1.7421       -23.19%        0.01%   0.175
     11     404       2.4636        2.4756       2.3902        -0.48%        2.98%   0.179
     12     404       2.5012        2.8166       2.4982       -12.61%        0.12%   0.145
     13     404       2.4047        2.6703       2.3902       -11.05%        0.60%   0.163
     14     404       2.3274        2.5896       2.3116       -11.26%        0.68%   0.171
     15     404       4.3649        4.4245       4.3417        -1.37%        0.53%   0.157
     16     404       4.4286        4.9321       4.4716       -11.37%       -0.97%   0.144
     17     404       4.1639        4.7133       4.2242       -13.19%       -1.45%   0.167
     18     404       3.9488        4.3361       3.9960        -9.81%       -1.19%   0.217
     19     404       3.8388        4.1195       3.8587        -7.31%       -0.52%   0.196

  DOGEUSD_RTI  (KXDOGE15M, 1,157 closes inside the tape)
      r  n_test   RMSE model  RMSE replica  RMSE fitted  replica imp%  fitted imp%    beta
      2     404       0.9631        1.6804       0.9615       -74.48%        0.17%   0.025
      3     404       1.1810        1.8701       1.1805       -58.34%        0.04%   0.096
      4     404       1.3392        2.0292       1.3394       -51.52%       -0.02%   0.068
      5     404       1.3796        2.0319       1.3759       -47.28%        0.27%   0.074
      6     404       1.4339        2.0203       1.4351       -40.90%       -0.09%   0.031
      7     404       1.4423        2.0421       1.4426       -41.58%       -0.02%   0.030
      8     404       1.4927        2.0437       1.4924       -36.91%        0.02%   0.066
      9     404       1.5017        2.0717       1.5013       -37.95%        0.03%   0.050
     10     404       1.5597        2.1718       1.5564       -39.25%        0.21%   0.027
     11     404       2.6765        2.7800       2.6621        -3.87%        0.54%   0.053
     12     404       2.4379        2.6621       2.4303        -9.19%        0.31%   0.036
     13     404       2.3554        2.6607       2.3409       -12.96%        0.61%   0.082
     14     404       2.3307        2.6175       2.3125       -12.31%        0.78%   0.081
     15     404       3.0036        3.0541       2.9658        -1.68%        1.26%   0.130
     16     404       3.0827        3.3457       3.0724        -8.53%        0.33%   0.138
     17     404       3.0268        3.3379       3.0235       -10.28%        0.11%   0.101
     18     404       2.9273        3.3033       2.9311       -12.85%       -0.13%   0.132
     19     404       2.9063        3.3023       2.9194       -13.62%       -0.45%   0.141

  BCHUSD_RTI (KXBCH15M): no settled markets -- skipped

  ADAUSD_RTI (KXADA15M): no settled markets -- skipped

  total wall time 313s
