
##############################################################################
# REAL DATA
##############################################################################
  328 hour files, 20260825T03 .. 20260908T12, 1,245,602 seconds of span
  loaded in 124s
  index ids with a replica: ADAUSD_RTI=936,079s, BCHUSD_RTI=1,121,258s, BRTI=1,121,262s, DOGEUSD_RTI=1,121,256s, ETHUSD_RTI=1,121,261s, SOLUSD_RTI=1,121,260s, XRPUSD_RTI=1,121,258s
  index ids with NO replica (no constituent books recorded): BNBUSD_RTI, HYPEUSD_RTI, NEARUSD_RTI, ZECUSD_RTI
  replica seconds: ADAUSD_RTI=1,160,452, BCHUSD_RTI=1,160,057, BRTI=1,160,921, DOGEUSD_RTI=1,160,669, ETHUSD_RTI=1,160,902, SOLUSD_RTI=1,160,919, XRPUSD_RTI=1,160,893
  median exchanges per second in the replica: ADAUSD_RTI=2, BCHUSD_RTI=2, BRTI=4, DOGEUSD_RTI=2, ETHUSD_RTI=3, SOLUSD_RTI=3, XRPUSD_RTI=3

==============================================================================
1. TIMING -- does the replica ARRIVE before the index print?
==============================================================================
  Both stamps are local time.time() on THIS machine: _rx_ms in
  kalshi_collector.py:326, _rx in crypto_feeds.py index_replica().
  Same clock, two processes -- so this is arrival, not skew.

  CF print stamp -> our receipt (ms), n=7,663,634
    p1 48  p25 85  MEDIAN 109  p75 159  p95 1377  p99 3303
  replica top-of-second -> its own stamp (ms), n=1,160,921
    p1 0.0  p25 2.0  MEDIAN 4.0  p75 8.0  p95 14.0  p99 16.0

  GAP for the SAME second = index receipt - replica stamp, ms
  (positive = the replica was in hand first)
  index                  n      p1      p5     p25   MEDIAN     p75     p95     p99  %replica first
  BRTI           1,111,003      43      56      82      107     158    1376    3301         100.00%
  ETHUSD_RTI     1,110,983      42      55      81      106     157    1376    3297         100.00%
  SOLUSD_RTI     1,111,000      40      54      80      105     156    1375    3297         100.00%
  XRPUSD_RTI     1,110,973      40      53      80      104     156    1373    3296         100.00%
  DOGEUSD_RTI    1,110,783      40      52      79      104     155    1371    3291         100.00%
  BCHUSD_RTI     1,110,191      41      54      80      105     156    1372    3289         100.00%
  ADAUSD_RTI       931,739      39      52      76       97     132    1347    3130         100.00%

==============================================================================
2. PREDICTIVE POWER -- replica[t] rebased vs persistence
==============================================================================
  P0 persistence  index[t]                    (what the model does)
  P1 rebased      replica[t] - ebar[t]        (ebar = causal 300s mean of replica-index)
  P2 fitted OOS   index[t] + b_k*(rebased - index[t]), b_k fitted
                  on the first 60% of the span BY TIME, scored on the rest
  P3 DIAGNOSTIC   index[t] + (replica[t+k] - replica[t]) -- uses the
                  FUTURE replica, NOT TRADEABLE, an upper bound only
  P4 fitted OOS   as P2 but with the replica's own last move
                  (replica[t]-replica[t-1]) as a second regressor

  BRTI  (KXBTC15M, 4 exchanges median, 1,111,224 seconds with both)
      k    n_test      RMSE P0      RMSE P1      RMSE P2  P1 imp%  P2 imp%  P4 imp%  b_basis P3 imp%(na)
      1   462,211      4.29441      6.90362      4.29458   -60.76    -0.00     0.03   -0.009       12.44
      2   462,194      6.18998      8.20134      6.19011   -32.49    -0.00     0.02   -0.005       28.03
      3   462,179      7.63832      9.33448      7.63838   -22.21    -0.00     0.01   -0.002       36.35
      4   462,165      8.84054      10.3376      8.84062   -16.93    -0.00     0.01   -0.002       41.74
      5   462,151      9.90253      11.2598      9.90267   -13.71    -0.00     0.01   -0.004       45.79
      6   462,137      10.8659      12.1215       10.866   -11.56    -0.00     0.01   -0.004       49.00
      7   462,123      11.7474      12.9191      11.7475    -9.97    -0.00     0.01    0.001       51.49
      8   462,109       12.564      13.6712      12.5641    -8.81    -0.00     0.00    0.004       53.54
      9   462,095      13.3348      14.3813      13.3349    -7.85    -0.00     0.01    0.007       55.40
     10   462,082      14.0722      15.0739      14.0724    -7.12    -0.00     0.00    0.011       56.96
     11   462,071      14.7782       15.737      14.7786    -6.49    -0.00    -0.00    0.016       58.51
     12   462,061      15.4447      16.3617      15.4452    -5.94    -0.00    -0.00    0.019       59.87
     13   462,051      16.0818      16.9631      16.0825    -5.48    -0.00    -0.00    0.023       61.05
     14   462,041        16.69      17.5354      16.6906    -5.07    -0.00    -0.00    0.024       62.08
     15   462,030      17.2616      18.0824      17.2623    -4.75    -0.00    -0.00    0.025       63.21
     16   462,019      17.8071      18.6063       17.808    -4.49    -0.00    -0.00    0.028       64.03
     17   462,009      18.3343      19.1173      18.3354    -4.27    -0.01    -0.01    0.029       64.85
     18   461,999      18.8461        19.61      18.8474    -4.05    -0.01    -0.01    0.031       65.60
     19   461,990      19.3439       20.095      19.3453    -3.88    -0.01    -0.01    0.032       66.32
     20   461,982      19.8308       20.572      19.8325    -3.74    -0.01    -0.01    0.032       67.01

  ETHUSD_RTI  (KXETH15M, 3 exchanges median, 1,111,204 seconds with both)
      k    n_test      RMSE P0      RMSE P1      RMSE P2  P1 imp%  P2 imp%  P4 imp%  b_basis P3 imp%(na)
      1   462,209     0.157823      0.22724      0.15715   -43.98     0.43     0.89    0.052       13.73
      2   462,192     0.230454     0.279609     0.229689   -21.33     0.33     0.69    0.067       30.41
      3   462,177     0.286527     0.326662     0.285829   -14.01     0.24     0.55    0.073       39.16
      4   462,163     0.334083     0.368849     0.333445   -10.41     0.19     0.49    0.077       45.37
      5   462,149     0.377168     0.407793     0.376553    -8.12     0.16     0.44    0.079       49.94
      6   462,135     0.417202     0.444193     0.416549    -6.47     0.16     0.40    0.084       53.33
      7   462,121      0.45405     0.478303      0.45337    -5.34     0.15     0.39    0.089       56.06
      8   462,107     0.488614     0.510981     0.487957    -4.58     0.13     0.35    0.090       58.46
      9   462,093     0.520948     0.541959     0.520317    -4.03     0.12     0.32    0.093       60.48
     10   462,080     0.551361     0.571395     0.550774    -3.63     0.11     0.29    0.095       62.27
     11   462,069     0.580453     0.599507     0.579888    -3.28     0.10     0.26    0.098       63.87
     12   462,059     0.608273     0.625898     0.607668    -2.90     0.10     0.25    0.100       65.23
     13   462,049      0.63507       0.6515     0.634429    -2.59     0.10     0.24    0.104       66.35
     14   462,039     0.660782     0.676447     0.660151    -2.37     0.10     0.22    0.105       67.42
     15   462,028     0.684754      0.69999     0.684153    -2.22     0.09     0.19    0.107       68.48
     16   462,017     0.707548     0.722367     0.706953    -2.09     0.08     0.17    0.114       69.36
     17   462,007       0.7296     0.743719     0.728981    -1.94     0.08     0.17    0.119       70.14
     18   461,997      0.75119     0.764563     0.750536    -1.78     0.09     0.17    0.124       70.90
     19   461,988     0.772232     0.785212      0.77159    -1.68     0.08     0.17    0.125       71.51
     20   461,980     0.792564     0.805303      0.79195    -1.61     0.08     0.16    0.126       72.18

  SOLUSD_RTI  (KXSOL15M, 3 exchanges median, 1,111,220 seconds with both)
      k    n_test      RMSE P0      RMSE P1      RMSE P2  P1 imp%  P2 imp%  P4 imp%  b_basis P3 imp%(na)
      1   462,209   0.00888487    0.0125014   0.00884405   -40.70     0.46     1.06    0.053       14.57
      2   462,192    0.0127593    0.0153699    0.0127179   -20.46     0.32     0.70    0.063       29.05
      3   462,177    0.0157556     0.017839    0.0157128   -13.22     0.27     0.57    0.069       36.98
      4   462,163    0.0183022    0.0200445    0.0182575    -9.52     0.24     0.52    0.073       42.74
      5   462,149    0.0205956    0.0220922    0.0205485    -7.27     0.23     0.46    0.078       46.77
      6   462,135    0.0226537      0.02398    0.0226056    -5.85     0.21     0.41    0.083       50.09
      7   462,121    0.0245391    0.0257426    0.0244907    -4.90     0.20     0.36    0.087       53.17
      8   462,107    0.0263094    0.0273784     0.026257    -4.06     0.20     0.35    0.093       55.73
      9   462,093     0.027973     0.028942    0.0279184    -3.46     0.20     0.34    0.097       57.93
     10   462,080    0.0295577    0.0304387    0.0295002    -2.98     0.19     0.33    0.102       59.80
     11   462,069    0.0310776    0.0318835     0.031017    -2.59     0.19     0.32    0.108       61.52
     12   462,059    0.0325337     0.033274    0.0324704    -2.28     0.19     0.31    0.113       62.98
     13   462,049    0.0339157    0.0346107    0.0338517    -2.05     0.19     0.29    0.117       64.30
     14   462,039    0.0352385    0.0358966    0.0351745    -1.87     0.18     0.27    0.120       65.50
     15   462,028    0.0364865    0.0371141    0.0364228    -1.72     0.17     0.25    0.123       66.48
     16   462,017    0.0376844    0.0382765    0.0376191    -1.57     0.17     0.23    0.128       67.44
     17   462,007    0.0388227    0.0393876    0.0387568    -1.45     0.17     0.22    0.131       68.38
     18   461,997    0.0399358    0.0404669     0.039868    -1.33     0.17     0.22    0.135       69.19
     19   461,988    0.0410233    0.0415273    0.0409546    -1.23     0.17     0.22    0.138       69.87
     20   461,980    0.0420937    0.0425766    0.0420251    -1.15     0.16     0.22    0.140       70.58

  XRPUSD_RTI  (KXXRP15M, 3 exchanges median, 1,111,192 seconds with both)
      k    n_test      RMSE P0      RMSE P1      RMSE P2  P1 imp%  P2 imp%  P4 imp%  b_basis P3 imp%(na)
      1   462,209  0.000119897  0.000174278  0.000119419   -45.36     0.40     1.93    0.044       13.96
      2   462,192  0.000181967  0.000219695  0.000181378   -20.73     0.32     1.16    0.077       35.17
      3   462,177  0.000228332  0.000258628  0.000227728   -13.27     0.26     0.85    0.103       44.06
      4   462,163  0.000267663  0.000292913  0.000266997    -9.43     0.25     0.74    0.125       49.46
      5   462,149  0.000302176  0.000324427  0.000301537    -7.36     0.21     0.61    0.147       53.69
      6   462,135  0.000333593   0.00035343  0.000332952    -5.95     0.19     0.54    0.164       57.08
      7   462,121  0.000362886  0.000380658  0.000362217    -4.90     0.18     0.50    0.182       59.52
      8   462,107   0.00039041  0.000406534  0.000389726    -4.13     0.18     0.46    0.201       61.91
      9   462,093  0.000416449  0.000431184  0.000415748    -3.54     0.17     0.44    0.219       63.85
     10   462,080  0.000441507  0.000454954  0.000440766    -3.05     0.17     0.44    0.235       65.22
     11   462,069  0.000465527  0.000478213  0.000464836    -2.73     0.15     0.38    0.249       66.99
     12   462,059  0.000488362  0.000500283  0.000487687    -2.44     0.14     0.35    0.262       68.12
     13   462,049  0.000510074  0.000521525   0.00050947    -2.25     0.12     0.31    0.274       69.25
     14   462,039  0.000530635  0.000541766  0.000530122    -2.10     0.10     0.25    0.285       70.32
     15   462,028  0.000550101  0.000560823  0.000549632    -1.95     0.09     0.23    0.294       71.21
     16   462,017  0.000568839   0.00057915  0.000568406    -1.81     0.08     0.20    0.304       72.01
     17   462,007  0.000586937  0.000596808  0.000586518    -1.68     0.07     0.19    0.314       72.78
     18   461,997  0.000604547  0.000613996  0.000604144    -1.56     0.07     0.18    0.327       73.40
     19   461,988  0.000621759  0.000630768   0.00062135    -1.45     0.07     0.17    0.337       74.09
     20   461,980  0.000638551  0.000647204  0.000638156    -1.36     0.06     0.16    0.348       74.58

  DOGEUSD_RTI  (KXDOGE15M, 2 exchanges median, 1,111,003 seconds with both)
      k    n_test      RMSE P0      RMSE P1      RMSE P2  P1 imp%  P2 imp%  P4 imp%  b_basis P3 imp%(na)
      1   462,204  1.07307e-05  1.59532e-05  1.07115e-05   -48.67     0.18     0.34    0.047       17.51
      2   462,187  1.53962e-05  1.92676e-05  1.53734e-05   -25.15     0.15     0.29    0.057       30.88
      3   462,172  1.90313e-05  2.22173e-05   1.9008e-05   -16.74     0.12     0.23    0.062       37.78
      4   462,158  2.20869e-05  2.48306e-05  2.20629e-05   -12.42     0.11     0.22    0.064       42.41
      5   462,144  2.48292e-05   2.7282e-05   2.4806e-05    -9.88     0.09     0.20    0.070       46.16
      6   462,130  2.73721e-05    2.958e-05  2.73479e-05    -8.07     0.09     0.18    0.076       49.19
      7   462,116  2.96878e-05  3.17086e-05  2.96631e-05    -6.81     0.08     0.17    0.079       51.78
      8   462,102  3.18929e-05  3.37365e-05  3.18657e-05    -5.78     0.09     0.17    0.082       54.09
      9   462,088  3.39415e-05  3.56499e-05  3.39132e-05    -5.03     0.08     0.16    0.085       56.04
     10   462,075  3.58713e-05  3.74758e-05  3.58426e-05    -4.47     0.08     0.14    0.090       57.93
     11   462,064  3.76996e-05  3.91977e-05  3.76689e-05    -3.97     0.08     0.14    0.094       59.77
     12   462,054  3.94327e-05  4.08415e-05  3.94005e-05    -3.57     0.08     0.13    0.097       61.34
     13   462,044  4.11012e-05  4.24205e-05  4.10663e-05    -3.21     0.08     0.13    0.102       62.78
     14   462,034  4.27025e-05  4.39576e-05  4.26669e-05    -2.94     0.08     0.12    0.105       64.07
     15   462,023  4.42258e-05  4.54132e-05  4.41884e-05    -2.69     0.08     0.11    0.108       65.20
     16   462,012  4.56669e-05  4.68038e-05  4.56293e-05    -2.49     0.08     0.11    0.108       66.21
     17   462,002  4.70414e-05   4.8137e-05  4.70033e-05    -2.33     0.08     0.10    0.113       67.15
     18   461,992  4.83697e-05  4.94337e-05  4.83323e-05    -2.20     0.08     0.10    0.116       68.00
     19   461,983  4.96595e-05  5.06952e-05  4.96229e-05    -2.09     0.07     0.10    0.118       68.77
     20   461,975  5.09526e-05  5.19601e-05  5.09164e-05    -1.98     0.07     0.09    0.122       69.51

  BCHUSD_RTI  (KXBCH15M, 2 exchanges median, 1,110,404 seconds with both)
      k    n_test      RMSE P0      RMSE P1      RMSE P2  P1 imp%  P2 imp%  P4 imp%  b_basis P3 imp%(na)
      1   462,203    0.0225477    0.0704781    0.0225108  -212.57     0.16     0.48    0.066      -74.23
      2   462,186    0.0334306    0.0733017    0.0333371  -119.27     0.28     0.80    0.100      -48.56
      3   462,171    0.0430778    0.0771184    0.0429476   -79.02     0.30     0.75    0.129      -31.99
      4   462,157    0.0514318    0.0812847    0.0512946   -58.04     0.27     0.61    0.154      -21.80
      5   462,143    0.0588807    0.0855503    0.0587399   -45.29     0.24     0.49    0.176      -15.00
      6   462,129    0.0655854    0.0897715    0.0654426   -36.88     0.22     0.42    0.195       -9.94
      7   462,115    0.0717363    0.0939447    0.0716164   -30.96     0.17     0.31    0.214       -5.86
      8   462,101    0.0774948    0.0980311    0.0773763   -26.50     0.15     0.26    0.230       -2.25
      9   462,087    0.0830032     0.102072     0.082878   -22.97     0.15     0.26    0.244        0.80
     10   462,074    0.0882616     0.106076    0.0881344   -20.18     0.14     0.25    0.258        3.56
     11   462,063    0.0932859      0.11002    0.0931537   -17.94     0.14     0.26    0.270        8.34
     12   462,053    0.0981093     0.113942    0.0979952   -16.14     0.12     0.22    0.283       12.67
     13   462,043     0.102756     0.117765     0.102656   -14.61     0.10     0.18    0.295       16.43
     14   462,033     0.107207     0.121479     0.107125   -13.31     0.08     0.14    0.307       19.47
     15   462,022     0.111479     0.125112     0.111413   -12.23     0.06     0.11    0.318       22.28
     16   462,011     0.115606      0.12865     0.115552   -11.28     0.05     0.10    0.328       24.96
     17   462,001     0.119634     0.132149     0.119595   -10.46     0.03     0.09    0.338       27.37
     18   461,991     0.123554     0.135563     0.123514    -9.72     0.03     0.10    0.346       29.35
     19   461,982     0.127409     0.138953     0.127374    -9.06     0.03     0.09    0.354       31.28
     20   461,974     0.131171     0.142282     0.131135    -8.47     0.03     0.09    0.361       33.13

  ADAUSD_RTI  (KXADA15M, 2 exchanges median, 931,909 seconds with both)
      k    n_test      RMSE P0      RMSE P1      RMSE P2  P1 imp%  P2 imp%  P4 imp%  b_basis P3 imp%(na)
      1   462,209  2.59345e-05  3.84402e-05  2.58044e-05   -48.22     0.50     0.85    0.053       28.04
      2   462,192   3.6925e-05   4.5899e-05  3.67583e-05   -24.30     0.45     0.72    0.072       40.90
      3   462,177  4.56438e-05  5.26476e-05  4.54438e-05   -15.34     0.44     0.68    0.086       47.21
      4   462,163  5.30963e-05  5.88916e-05  5.28739e-05   -10.91     0.42     0.66    0.099       51.44
      5   462,149  5.98147e-05   6.4776e-05   5.9575e-05    -8.29     0.40     0.63    0.112       54.70
      6   462,135  6.59766e-05  7.03291e-05  6.57242e-05    -6.60     0.38     0.59    0.124       57.25
      7   462,121  7.16891e-05  7.55498e-05  7.14198e-05    -5.39     0.38     0.56    0.138       59.44
      8   462,107  7.70967e-05  8.05027e-05  7.68071e-05    -4.42     0.38     0.56    0.148       61.27
      9   462,093  8.22362e-05  8.52962e-05  8.19354e-05    -3.72     0.37     0.56    0.156       62.83
     10   462,080  8.71791e-05  8.99652e-05  8.68685e-05    -3.20     0.36     0.53    0.166       64.32
     11   462,069  9.18735e-05  9.44211e-05  9.15541e-05    -2.77     0.35     0.50    0.174       65.80
     12   462,059  9.63272e-05  9.86699e-05  9.59994e-05    -2.43     0.34     0.47    0.182       67.03
     13   462,049  0.000100524  0.000102696   0.00010019    -2.16     0.33     0.45    0.190       68.07
     14   462,039   0.00010453  0.000106579  0.000104195    -1.96     0.32     0.41    0.197       69.08
     15   462,028  0.000108338  0.000110249  0.000107995    -1.76     0.32     0.40    0.206       69.90
     16   462,017  0.000112002  0.000113804  0.000111655    -1.61     0.31     0.38    0.214       70.67
     17   462,007  0.000115511  0.000117207   0.00011516    -1.47     0.30     0.37    0.219       71.34
     18   461,997  0.000118925  0.000120506  0.000118565    -1.33     0.30     0.36    0.225       71.97
     19   461,988  0.000122213  0.000123681  0.000121842    -1.20     0.30     0.36    0.233       72.57
     20   461,980  0.000125435  0.000126788   0.00012505    -1.08     0.31     0.36    0.240       73.11

==============================================================================
2b. NOWCAST -- is the 92ms arrival lead worth a WHOLE SECOND?
==============================================================================
  At wall clock T+5ms we hold replica[T].  A reader of the published
  feed holds only index[T-1] until T+~95ms.  So the question is not
  whether the replica predicts the future -- it is whether it reads
  the CURRENT second better than the last published print does.
    N0  index[t-1]                     the feed, stale by one second
    N1  replica[t] - ebar[t]           the rebased replica
    N2  index[t-1] + b*(N1 - index[t-1])   fitted OOS
    N3  index[t-1] + c1*d1 + c2*d2     INDEX-ONLY momentum control
    N4  N3 plus the replica basis      everything at once
  all scored against index[t] itself.  N2 over N0 is not yet a
  finding: if the published index is itself smoothed, its own past
  predicts it.  THE COLUMN THAT CREDITS THE SPOT DATA IS N4 vs N3.
  index           n_test    RMSE N0    RMSE N1  N1 imp%  N2 imp%  N3 imp%  N4 imp%  N4 vs N3  b_repl
  BRTI           462,196     4.2945     5.3941   -25.61    10.51     0.07    11.27     11.21   0.368
  ETHUSD_RTI     462,194    0.15783    0.18027   -14.22    17.43     0.04    17.71     17.67   0.339
  SOLUSD_RTI     462,194  0.0088848  0.0098076   -10.39    16.94     0.05    17.33     17.28   0.443
  XRPUSD_RTI     462,194  0.0001199 0.00013943   -16.29    21.73     1.11    22.29     21.42   0.348
  DOGEUSD_RTI    462,190 1.0731e-05 1.2466e-05   -16.17    14.22    -0.15    14.65     14.78   0.275
  BCHUSD_RTI     462,189   0.022547   0.069315  -207.42     3.56     1.08     3.98      2.94   0.187
  ADAUSD_RTI     462,194 2.5935e-05 3.1381e-05   -21.00    18.37    -0.01    18.31     18.32   0.292

==============================================================================
3. THE DECISIVE TEST -- the r UNPUBLISHED settlement prints
==============================================================================
  Settlement = mean of index prints at seconds [close-60, close-1].
  With r unpublished, decision second t = close-1-r and the unknown
  is mean(index[close-r .. close-1]).  Errors divided by the index's
  own causal 300s per-second sigma so coins pool.

  BRTI  (KXBTC15M, 1,155 closes inside the tape)
    rep_lead=0: replica read at t, the same second as the last published print
      r  n_test  RMSE model  RMSE repl  RMSE ctrl   RMSE fit  repl imp%  ctrl imp%  fit imp%  fit-ctrl%  b_repl
      2     403      1.0537     2.0499     1.0526     1.0514       0.02       0.10      0.22       0.12   0.028
      3     403      1.2088     2.2704     1.2197     1.2206      -0.01      -0.90     -0.97      -0.07   0.007
      4     403      1.5373     2.4053     1.5298     1.5308       0.13       0.49      0.43      -0.07  -0.027
      5     403      1.7002     2.5167     1.6945     1.6959      -0.09       0.34      0.25      -0.09  -0.013
      6     403      2.0208     2.6382     2.0379     2.0380      -0.37      -0.85     -0.85      -0.01  -0.005
      7     403      1.8747     2.6308     1.8786     1.8813      -0.21      -0.21     -0.35      -0.14  -0.039
      8     403      1.7961     2.5000     1.7992     1.8003      -0.14      -0.17     -0.23      -0.06  -0.016
      9     403      2.0199     2.6188     2.0189     2.0199      -0.25       0.05      0.00      -0.05  -0.006
     10     403      2.0467     2.6197     2.0641     2.0748      -1.12      -0.85     -1.37      -0.52  -0.070
     11     403      2.1035     2.8291     2.0999     2.0998       0.02       0.17      0.17       0.00  -0.010
     12     403      2.2435     2.8288     2.2508     2.2509      -0.09      -0.33     -0.33      -0.00  -0.002
     13     403      2.1653     2.8338     2.1996     2.2027      -0.02      -1.59     -1.73      -0.14   0.025
     14     403      2.5725     3.2999     2.5992     2.5945       0.04      -1.04     -0.86       0.18  -0.089
     15     403      2.8463     3.3834     2.8523     2.8551      -0.11      -0.21     -0.31      -0.10  -0.109
     16     403      2.9505     3.5431     2.9520     2.9448       0.18      -0.05      0.19       0.24  -0.078
     17     403      2.9064     3.5280     2.9080     2.9041       0.11      -0.05      0.08       0.14  -0.053
     18     403      2.8438     3.4482     2.8408     2.8396       0.17       0.10      0.15       0.04  -0.096
     19     403      2.9328     3.4619     2.9498     2.9507       0.02      -0.58     -0.61      -0.03   0.036
    rep_lead=1: replica read at t+1 -- the REAL-TIME position, one second of spot the published feed has not printed yet
      r  n_test  RMSE model  RMSE repl  RMSE ctrl   RMSE fit  repl imp%  ctrl imp%  fit imp%  fit-ctrl%  b_repl
      2     403      1.0537     1.7571     1.0526     1.0408       1.30       0.10      1.23       1.12   0.328
      3     403      1.2088     1.8936     1.2197     1.1998       1.81      -0.90      0.74       1.63   0.136
      4     403      1.5373     2.1195     1.5298     1.4837       2.35       0.49      3.49       3.01   0.136
      5     403      1.7002     2.2196     1.6945     1.6654       1.56       0.34      2.04       1.71   0.100
      6     403      2.0208     2.3408     2.0379     1.9775       2.72      -0.85      2.14       2.96   0.338
      7     403      1.8747     2.4347     1.8786     1.8652       0.83      -0.21      0.50       0.71   0.083
      8     403      1.7961     2.4844     1.7992     1.7968       0.07      -0.17     -0.04       0.14   0.027
      9     403      2.0199     2.3639     2.0189     1.9680       2.53       0.05      2.57       2.52   0.121
     10     403      2.0467     2.5165     2.0645     2.0471       1.15      -0.87     -0.02       0.84   0.079
     11     403      2.1035     2.5006     2.1001     2.0494       2.29       0.16      2.57       2.42   0.124
     12     403      2.2435     2.6951     2.2508     2.2370       0.60      -0.33      0.29       0.61   0.098
     13     403      2.1653     2.6927     2.1996     2.2038       0.18      -1.59     -1.78      -0.19   0.106
     14     403      2.5725     2.7159     2.5992     2.5048       3.67      -1.04      2.63       3.63   0.128
     15     403      2.8463     3.1658     2.8523     2.8366       0.45      -0.21      0.34       0.55   0.046
     16     403      2.9505     3.2336     2.9520     2.9226       0.99      -0.05      0.95       1.00   0.133
     17     403      2.9064     3.3961     2.9080     2.9076       0.00      -0.05     -0.04       0.01   0.032
     18     403      2.8438     3.3937     2.8408     2.8439      -0.11       0.10     -0.00      -0.11   0.078
     19     403      2.9328     3.3279     2.9498     2.9384       0.41      -0.58     -0.19       0.39   0.174

  ETHUSD_RTI  (KXETH15M, 1,155 closes inside the tape)
    rep_lead=0: replica read at t, the same second as the last published print
      r  n_test  RMSE model  RMSE repl  RMSE ctrl   RMSE fit  repl imp%  ctrl imp%  fit imp%  fit-ctrl%  b_repl
      2     403      1.1183     1.8847     1.1209     1.1208       0.11      -0.23     -0.22       0.01   0.035
      3     403      1.1657     1.8804     1.1704     1.1697      -0.62      -0.40     -0.34       0.06   0.028
      4     403      1.4232     2.0512     1.4329     1.4294      -0.04      -0.68     -0.43       0.24   0.050
      5     403      1.4851     1.9812     1.5024     1.4870       0.43      -1.17     -0.13       1.03   0.085
      6     403      1.5897     2.0404     1.5963     1.5891       0.35      -0.42      0.04       0.46   0.041
      7     403      1.5471     2.0298     1.5522     1.5472       0.33      -0.33     -0.00       0.32   0.037
      8     403      1.5810     2.1365     1.5825     1.5861      -0.03      -0.10     -0.32      -0.23  -0.018
      9     403      1.6855     2.1695     1.6778     1.6750       0.29       0.46      0.62       0.17   0.023
     10     403      1.6816     2.1952     1.6887     1.6820       0.30      -0.42     -0.02       0.40   0.064
     11     403      2.0460     2.5287     2.0531     2.0476       0.30      -0.35     -0.08       0.27   0.047
     12     403      2.0655     2.4001     2.0577     2.0535       0.37       0.38      0.58       0.20   0.041
     13     403      1.9723     2.3404     1.9987     1.9963       0.18      -1.34     -1.21       0.12   0.027
     14     403      2.0656     2.4715     2.0748     2.0727      -0.11      -0.45     -0.34       0.10   0.024
     15     403      2.6415     2.9795     2.6492     2.6457      -0.14      -0.29     -0.16       0.13   0.051
     16     403      2.7093     3.0132     2.7115     2.7046       0.19      -0.08      0.17       0.26   0.107
     17     403      2.7125     3.0230     2.7175     2.7121       0.09      -0.18      0.02       0.20   0.046
     18     403      2.6910     3.0410     2.7028     2.6962      -0.02      -0.44     -0.19       0.24   0.086
     19     403      2.6965     3.0553     2.7206     2.7213      -0.10      -0.89     -0.92      -0.03   0.074
    rep_lead=1: replica read at t+1 -- the REAL-TIME position, one second of spot the published feed has not printed yet
      r  n_test  RMSE model  RMSE repl  RMSE ctrl   RMSE fit  repl imp%  ctrl imp%  fit imp%  fit-ctrl%  b_repl
      2     403      1.1183     1.5617     1.1209     1.0463       6.52      -0.23      6.44       6.66   0.097
      3     403      1.1657     1.7059     1.1704     1.1455       1.87      -0.40      1.74       2.13   0.175
      4     403      1.4232     1.7266     1.4329     1.3246       7.20      -0.68      6.93       7.56   0.232
      5     403      1.4851     1.8658     1.5024     1.4606       2.24      -1.17      1.65       2.78   0.148
      6     403      1.5897     1.8253     1.5963     1.5286       4.26      -0.42      3.84       4.24   0.193
      7     403      1.5471     1.8950     1.5522     1.4994       3.44      -0.33      3.08       3.40   0.258
      8     403      1.5810     1.9015     1.5825     1.5417       2.56      -0.10      2.48       2.58   0.130
      9     403      1.6855     2.0189     1.6778     1.6473       1.89       0.46      2.26       1.82   0.078
     10     403      1.6816     2.0979     1.6889     1.6552       1.69      -0.43      1.57       2.00   0.149
     11     403      2.0460     2.0899     2.0528     1.8574       9.53      -0.33      9.22       9.52   0.206
     12     403      2.0655     2.4000     2.0577     2.0460       0.66       0.38      0.94       0.57   0.137
     13     403      1.9723     2.2719     1.9987     1.9791       1.06      -1.34     -0.35       0.98   0.099
     14     403      2.0656     2.2341     2.0748     2.0365       1.96      -0.45      1.41       1.85   0.118
     15     403      2.6415     2.3683     2.6492     2.4098       8.42      -0.29      8.77       9.04   0.193
     16     403      2.7093     2.8375     2.7115     2.6588       1.87      -0.08      1.86       1.94   0.212
     17     403      2.7125     2.8764     2.7175     2.6717       1.47      -0.18      1.50       1.68   0.200
     18     403      2.6910     2.8923     2.7028     2.6687       0.87      -0.44      0.83       1.26   0.171
     19     403      2.6965     2.9211     2.7206     2.6905       0.87      -0.89      0.22       1.10   0.187

  SOLUSD_RTI  (KXSOL15M, 1,157 closes inside the tape)
    rep_lead=0: replica read at t, the same second as the last published print
      r  n_test  RMSE model  RMSE repl  RMSE ctrl   RMSE fit  repl imp%  ctrl imp%  fit imp%  fit-ctrl%  b_repl
      2     404      1.1281     1.4227     1.1299     1.1263       0.25      -0.16      0.16       0.32   0.024
      3     404      1.2968     1.5960     1.2991     1.2901       0.21      -0.18      0.51       0.69   0.057
      4     404      1.7167     1.9498     1.7111     1.6994       0.49       0.33      1.01       0.68   0.115
      5     404      1.7632     1.9065     1.7575     1.7336       1.07       0.32      1.68       1.36   0.122
      6     404      1.7356     2.0188     1.7331     1.7261       0.33       0.14      0.55       0.40   0.110
      7     404      1.7364     1.9829     1.7448     1.7358       0.50      -0.49      0.03       0.52   0.193
      8     404      1.7214     1.9678     1.7149     1.7104       0.49       0.38      0.64       0.26   0.123
      9     404      1.7468     1.9888     1.7619     1.7627       0.51      -0.87     -0.91      -0.05   0.240
     10     404      1.7139     1.9181     1.7127     1.6852       1.68       0.07      1.68       1.60   0.208
     11     404      2.0287     2.1176     2.0295     1.9873       1.77      -0.04      2.04       2.08   0.215
     12     404      2.0990     2.2439     2.0818     2.0665       1.03       0.82      1.55       0.73   0.155
     13     404      2.1031     2.2163     2.1138     2.0949       0.97      -0.51      0.39       0.90   0.137
     14     404      2.0413     2.2382     2.0761     2.0735       0.50      -1.71     -1.58       0.13   0.156
     15     404      2.6867     2.5497     2.6988     2.6858      -0.19      -0.45      0.03       0.48   0.030
     16     404      2.7372     2.8967     2.7521     2.7504      -0.06      -0.54     -0.48       0.06   0.033
     17     404      2.6763     2.8860     2.6974     2.6983      -0.14      -0.79     -0.82      -0.03   0.066
     18     404      2.6458     2.8366     2.6422     2.6414      -0.14       0.13      0.17       0.03   0.018
     19     404      2.6556     2.8471     2.6612     2.6620      -0.34      -0.21     -0.24      -0.03  -0.022
    rep_lead=1: replica read at t+1 -- the REAL-TIME position, one second of spot the published feed has not printed yet
      r  n_test  RMSE model  RMSE repl  RMSE ctrl   RMSE fit  repl imp%  ctrl imp%  fit imp%  fit-ctrl%  b_repl
      2     404      1.1281     1.1228     1.1299     0.9838      12.96      -0.16     12.79      12.93   0.238
      3     404      1.2968     1.2118     1.2991     1.0903      16.09      -0.18     15.92      16.07   0.498
      4     404      1.7167     1.3922     1.7111     1.2496      26.21       0.33     27.21      26.97   0.730
      5     404      1.7632     1.6728     1.7575     1.6084       8.07       0.32      8.78       8.49   0.395
      6     404      1.7356     1.6776     1.7331     1.5694       8.85       0.14      9.57       9.44   0.621
      7     404      1.7364     1.8237     1.7448     1.6760       3.92      -0.49      3.48       3.95   0.487
      8     404      1.7214     1.8123     1.7149     1.6612       3.48       0.38      3.50       3.13   0.367
      9     404      1.7468     1.8120     1.7619     1.6882       3.94      -0.87      3.36       4.19   0.496
     10     404      1.7139     1.8529     1.7127     1.6685       2.64       0.07      2.65       2.58   0.483
     11     404      2.0287     1.7991     2.0297     1.7515      13.24      -0.05     13.66      13.70   0.488
     12     404      2.0990     1.9796     2.0818     1.9480       6.82       0.82      7.20       6.43   0.430
     13     404      2.1031     2.1194     2.1138     2.0276       4.11      -0.51      3.59       4.08   0.385
     14     404      2.0413     2.0898     2.0761     1.9957       3.30      -1.71      2.24       3.88   0.455
     15     404      2.6867     2.1240     2.6988     2.2057      17.90      -0.45     17.90      18.27   0.513
     16     404      2.7372     2.3999     2.7521     2.5458       7.24      -0.54      6.99       7.49   0.393
     17     404      2.6763     2.7572     2.6974     2.6674       0.82      -0.79      0.33       1.11   0.393
     18     404      2.6458     2.7438     2.6422     2.6253       0.51       0.13      0.78       0.64   0.485
     19     404      2.6556     2.7076     2.6612     2.6195       1.13      -0.21      1.36       1.57   0.280

  XRPUSD_RTI  (KXXRP15M, 1,157 closes inside the tape)
    rep_lead=0: replica read at t, the same second as the last published print
      r  n_test  RMSE model  RMSE repl  RMSE ctrl   RMSE fit  repl imp%  ctrl imp%  fit imp%  fit-ctrl%  b_repl
      2     404      1.0031     1.7025     0.9829     0.9763       0.49       2.02      2.67       0.66   0.077
      3     404      1.2934     1.9307     1.2705     1.2657       0.20       1.77      2.14       0.38   0.088
      4     404      2.0011     2.3398     2.0013     1.9914       0.47      -0.01      0.48       0.49   0.116
      5     404      1.9665     2.3687     2.0674     2.0585       0.31      -5.13     -4.68       0.43   0.108
      6     404      2.0045     2.5095     2.0461     2.0494      -0.09      -2.07     -2.24      -0.16   0.055
      7     404      1.8855     2.3859     1.8774     1.8831      -0.29       0.43      0.13      -0.30   0.062
      8     404      1.8206     2.2111     1.8406     1.8323       0.28      -1.10     -0.64       0.45   0.097
      9     404      1.7644     2.1539     1.7742     1.7671       0.30      -0.55     -0.15       0.40   0.103
     10     404      1.7422     2.1462     1.7795     1.7758       0.01      -2.14     -1.93       0.21   0.184
     11     404      2.4636     2.4756     2.4843     2.4053       2.98      -0.84      2.37       3.18   0.172
     12     404      2.5012     2.8166     2.5245     2.5196       0.12      -0.93     -0.74       0.19   0.145
     13     404      2.4047     2.6703     2.4908     2.4749       0.60      -3.58     -2.92       0.64   0.163
     14     404      2.3274     2.5896     2.8003     2.8493       0.68     -20.32    -22.42      -1.75   0.195
     15     404      4.3649     4.4245     4.3537     4.3181       0.53       0.26      1.07       0.82   0.184
     16     404      4.4286     4.9321     4.4680     4.5084      -0.97      -0.89     -1.80      -0.90   0.148
     17     404      4.1639     4.7133     4.1741     4.2306      -1.45      -0.24     -1.60      -1.35   0.163
     18     404      3.9488     4.3361     3.9516     4.0057      -1.19      -0.07     -1.44      -1.37   0.236
     19     404      3.8388     4.1195     3.8520     3.8699      -0.52      -0.34     -0.81      -0.47   0.210
    rep_lead=1: replica read at t+1 -- the REAL-TIME position, one second of spot the published feed has not printed yet
      r  n_test  RMSE model  RMSE repl  RMSE ctrl   RMSE fit  repl imp%  ctrl imp%  fit imp%  fit-ctrl%  b_repl
      2     404      1.0031     1.5116     0.9829     0.8647      12.29       2.02     13.80      12.02   0.196
      3     404      1.2934     1.5724     1.2705     1.1108      12.22       1.77     14.12      12.57   0.367
      4     404      2.0011     1.7510     2.0013     1.6182      19.02      -0.01     19.13      19.14   0.376
      5     404      1.9665     2.0391     2.0674     1.9131       6.74      -5.13      2.71       7.47   0.297
      6     404      2.0045     2.1293     2.0461     1.9091       6.89      -2.07      4.76       6.69   0.287
      7     404      1.8855     2.2799     1.8774     1.8516       1.53       0.43      1.80       1.38   0.267
      8     404      1.8206     2.1910     1.8406     1.8098       0.90      -1.10      0.59       1.67   0.316
      9     404      1.7644     2.0589     1.7742     1.7135       3.14      -0.55      2.89       3.42   0.323
     10     404      1.7422     2.0392     1.7794     1.7007       2.79      -2.13      2.38       4.42   0.321
     11     404      2.4636     2.0253     2.4844     1.9212      23.15      -0.84     22.02      22.67   0.441
     12     404      2.5012     2.3145     2.5245     2.3427       7.23      -0.93      6.34       7.20   0.258
     13     404      2.4047     2.6531     2.4908     2.4261       1.53      -3.58     -0.89       2.60   0.313
     14     404      2.3274     2.5342     2.8003     2.7019       2.07     -20.32    -16.09       3.52   0.344
     15     404      4.3649     2.4705     4.3537     3.3654      24.12       0.26     22.90      22.70   0.358
     16     404      4.4286     4.1815     4.4680     4.2625       4.40      -0.89      3.75       4.60   0.399
     17     404      4.1639     4.6895     4.1741     4.2898      -2.99      -0.24     -3.02      -2.77   0.355
     18     404      3.9488     4.4902     3.9516     4.1378      -4.92      -0.07     -4.79      -4.71   0.465
     19     404      3.8388     4.1384     3.8520     3.9004      -1.53      -0.34     -1.60      -1.26   0.434

  DOGEUSD_RTI  (KXDOGE15M, 1,157 closes inside the tape)
    rep_lead=0: replica read at t, the same second as the last published print
      r  n_test  RMSE model  RMSE repl  RMSE ctrl   RMSE fit  repl imp%  ctrl imp%  fit imp%  fit-ctrl%  b_repl
      2     404      0.9631     1.6804     0.9708     0.9681       0.17      -0.80     -0.52       0.28   0.019
      3     404      1.1810     1.8701     1.1784     1.1766       0.04       0.22      0.38       0.15   0.075
      4     404      1.3392     2.0292     1.3415     1.3400      -0.02      -0.17     -0.06       0.11   0.067
      5     404      1.3796     2.0319     1.3741     1.3736       0.27       0.40      0.44       0.04   0.069
      6     404      1.4339     2.0203     1.4344     1.4336      -0.09      -0.04      0.01       0.05   0.061
      7     404      1.4423     2.0421     1.4423     1.4428      -0.02       0.00     -0.03      -0.04   0.035
      8     404      1.4927     2.0437     1.5029     1.5045       0.02      -0.68     -0.79      -0.11   0.078
      9     404      1.5017     2.0717     1.5056     1.5026       0.03      -0.26     -0.06       0.20   0.034
     10     404      1.5597     2.1718     1.5553     1.5490       0.21       0.28      0.68       0.41   0.028
     11     404      2.6765     2.7800     2.6379     2.6314       0.54       1.44      1.69       0.25   0.025
     12     404      2.4379     2.6621     2.4320     2.4262       0.31       0.24      0.48       0.24   0.025
     13     404      2.3554     2.6607     2.3711     2.3608       0.61      -0.67     -0.23       0.43   0.076
     14     404      2.3307     2.6175     2.3951     2.3966       0.78      -2.76     -2.83      -0.06   0.115
     15     404      3.0036     3.0541     3.0061     2.9628       1.26      -0.09      1.36       1.44   0.148
     16     404      3.0827     3.3457     3.0789     3.0707       0.33       0.12      0.39       0.27   0.126
     17     404      3.0268     3.3379     3.0255     3.0238       0.11       0.04      0.10       0.05   0.083
     18     404      2.9273     3.3033     2.9456     2.9463      -0.13      -0.62     -0.65      -0.02   0.104
     19     404      2.9063     3.3023     2.9121     2.9239      -0.45      -0.20     -0.61      -0.41   0.143
    rep_lead=1: replica read at t+1 -- the REAL-TIME position, one second of spot the published feed has not printed yet
      r  n_test  RMSE model  RMSE repl  RMSE ctrl   RMSE fit  repl imp%  ctrl imp%  fit imp%  fit-ctrl%  b_repl
      2     404      0.9631     1.4307     0.9708     0.8919       8.15      -0.80      7.39       8.13   0.167
      3     404      1.1810     1.5505     1.1784     1.0899       7.48       0.22      7.72       7.51   0.291
      4     404      1.3392     1.7191     1.3415     1.2168       8.93      -0.17      9.14       9.30   0.294
      5     404      1.3796     1.8570     1.3741     1.3226       3.99       0.40      4.14       3.75   0.188
      6     404      1.4339     1.8921     1.4344     1.4090       1.45      -0.04      1.73       1.77   0.240
      7     404      1.4423     1.8856     1.4424     1.4473       0.31      -0.00     -0.35      -0.34   0.312
      8     404      1.4927     1.9307     1.5029     1.4711       2.13      -0.68      1.44       2.11   0.137
      9     404      1.5017     1.9345     1.5056     1.4649       2.44      -0.26      2.45       2.70   0.196
     10     404      1.5597     2.0805     1.5553     1.5255       0.49       0.28      2.19       1.92   0.306
     11     404      2.6765     2.0914     2.6379     2.3995      10.15       1.44     10.35       9.04   0.209
     12     404      2.4379     2.5941     2.4320     2.4001       1.39       0.24      1.55       1.31   0.117
     13     404      2.3554     2.5109     2.3711     2.3428       1.42      -0.67      0.53       1.19   0.096
     14     404      2.3307     2.5345     2.3951     2.3843       2.49      -2.76     -2.30       0.45   0.211
     15     404      3.0036     2.5016     3.0061     2.6878       9.93      -0.09     10.51      10.59   0.242
     16     404      3.0827     2.8949     3.0789     2.9009       5.99       0.12      5.90       5.78   0.285
     17     404      3.0268     3.1839     3.0255     2.9879       1.36       0.04      1.28       1.24   0.200
     18     404      2.9273     3.1861     2.9456     2.9309       0.51      -0.62     -0.12       0.50   0.198
     19     404      2.9063     3.1686     2.9121     2.8962       0.42      -0.20      0.35       0.54   0.273

  BCHUSD_RTI (KXBCH15M): no settled markets -- skipped

  ADAUSD_RTI (KXADA15M): no settled markets -- skipped

  total wall time 379s
EXIT=0
