
##############################################################################
# REAL DATA
##############################################################################
  329 hour files, 20260825T03 .. 20260908T13, 1,249,202 seconds of span
  loaded in 118s
  index ids with a replica: ADAUSD_RTI=936,604s, BCHUSD_RTI=1,121,783s, BRTI=1,121,787s, DOGEUSD_RTI=1,121,781s, ETHUSD_RTI=1,121,786s, SOLUSD_RTI=1,121,785s, XRPUSD_RTI=1,121,783s
  index ids with NO replica (no constituent books recorded): BNBUSD_RTI, HYPEUSD_RTI, NEARUSD_RTI, ZECUSD_RTI
  replica seconds: ADAUSD_RTI=1,160,975, BCHUSD_RTI=1,160,580, BRTI=1,161,444, DOGEUSD_RTI=1,161,192, ETHUSD_RTI=1,161,425, SOLUSD_RTI=1,161,442, XRPUSD_RTI=1,161,416
  median exchanges per second in the replica: ADAUSD_RTI=2, BCHUSD_RTI=2, BRTI=4, DOGEUSD_RTI=2, ETHUSD_RTI=3, SOLUSD_RTI=3, XRPUSD_RTI=3

==============================================================================
1. TIMING -- does the replica ARRIVE before the index print?
==============================================================================
  Both stamps are local time.time() on THIS machine: _rx_ms in
  kalshi_collector.py:326, _rx in crypto_feeds.py index_replica().
  Same clock, two processes -- so this is arrival, not skew.

  CF print stamp -> our receipt (ms), n=7,667,309
    p1 48  p25 85  MEDIAN 109  p75 159  p95 1377  p99 3303
  replica top-of-second -> its own stamp (ms), n=1,161,444
    p1 0.0  p25 2.0  MEDIAN 4.0  p75 8.0  p95 14.0  p99 16.0

  GAP for the SAME second = index receipt - replica stamp, ms
  (positive = the replica was in hand first)
  index                  n      p1      p5     p25   MEDIAN     p75     p95     p99  %replica first
  BRTI           1,111,528      43      56      82      107     158    1376    3301         100.00%
  ETHUSD_RTI     1,111,508      42      55      81      106     157    1377    3298         100.00%
  SOLUSD_RTI     1,111,525      40      54      80      105     156    1376    3298         100.00%
  XRPUSD_RTI     1,111,498      40      53      80      104     156    1374    3296         100.00%
  DOGEUSD_RTI    1,111,308      40      52      79      104     155    1371    3291         100.00%
  BCHUSD_RTI     1,110,716      41      54      80      105     156    1373    3289         100.00%
  ADAUSD_RTI       932,264      39      52      76       97     132    1348    3130         100.00%

==============================================================================
2. PREDICTIVE POWER -- replica[t] rebased vs persistence
==============================================================================
  P0 persistence  index[t]                    (what the model does)
  P1 rebased      replica[t] - ebar[t]        (ebar = causal 300s mean of replica-index)
  P2 fitted OOS   index[t] + b_k*(rebased - index[t]), b_k fitted
                  on the first 60% of the span BY TIME, scored on the rest
  P3 DIAGNOSTIC   index[t] + (replica[t+k] - replica[t]) -- uses the
                  FUTURE replica, NOT TRADEABLE, an upper bound only
  P4 fitted OOS   as P2 but with the replica's own last move
                  (replica[t]-replica[t-1]) as a second regressor

  BRTI  (KXBTC15M, 4 exchanges median, 1,111,749 seconds with both)
      k    n_test      RMSE P0      RMSE P1      RMSE P2  P1 imp%  P2 imp%  P4 imp%  b_basis P3 imp%(na)
      1   460,576      4.29736       6.9065      4.29752   -60.72    -0.00     0.03   -0.009       12.52
      2   460,559      6.19469      8.20602      6.19482   -32.47    -0.00     0.02   -0.005       28.11
      3   460,544      7.64422       9.3405      7.64427   -22.19    -0.00     0.01   -0.001       36.42
      4   460,530      8.84765      10.3447      8.84773   -16.92    -0.00     0.01   -0.002       41.81
      5   460,516      9.91081       11.268      9.91094   -13.69    -0.00     0.01   -0.004       45.85
      6   460,502      10.8753      12.1308      10.8755   -11.54    -0.00     0.01   -0.004       49.07
      7   460,488      11.7578      12.9292      11.7579    -9.96    -0.00     0.01    0.001       51.55
      8   460,474      12.5754      13.6821      12.5755    -8.80    -0.00     0.00    0.004       53.60
      9   460,460       13.347      14.3929      13.3471    -7.84    -0.00     0.01    0.007       55.46
     10   460,447      14.0852      15.0862      14.0854    -7.11    -0.00     0.00    0.011       57.02
     11   460,436      14.7919      15.7499      14.7924    -6.48    -0.00    -0.00    0.016       58.56
     12   460,426      15.4592      16.3752      15.4597    -5.93    -0.00    -0.00    0.019       59.92
     13   460,416       16.097      16.9772      16.0976    -5.47    -0.00    -0.00    0.022       61.10
     14   460,406      16.7058        17.55      16.7063    -5.05    -0.00    -0.00    0.024       62.12
     15   460,395      17.2778      18.0974      17.2785    -4.74    -0.00    -0.00    0.025       63.26
     16   460,384      17.8236      18.6217      17.8245    -4.48    -0.00    -0.00    0.028       64.07
     17   460,374      18.3511      19.1331      18.3522    -4.26    -0.01    -0.01    0.028       64.89
     18   460,364      18.8632       19.626      18.8644    -4.04    -0.01    -0.01    0.031       65.64
     19   460,355      19.3612      20.1113      19.3627    -3.87    -0.01    -0.01    0.031       66.36
     20   460,347      19.8484      20.5886      19.8502    -3.73    -0.01    -0.01    0.032       67.05

  ETHUSD_RTI  (KXETH15M, 3 exchanges median, 1,111,729 seconds with both)
      k    n_test      RMSE P0      RMSE P1      RMSE P2  P1 imp%  P2 imp%  P4 imp%  b_basis P3 imp%(na)
      1   460,574     0.157922     0.227333     0.157248   -43.95     0.43     0.89    0.052       13.75
      2   460,557     0.230617     0.279774     0.229852   -21.32     0.33     0.69    0.068       30.44
      3   460,542     0.286738     0.326885      0.28604   -14.00     0.24     0.55    0.073       39.19
      4   460,528     0.334333      0.36912     0.333697   -10.41     0.19     0.49    0.077       45.41
      5   460,514     0.377462      0.40811     0.376849    -8.12     0.16     0.44    0.079       49.98
      6   460,500     0.417545     0.444552     0.416894    -6.47     0.16     0.40    0.084       53.36
      7   460,486     0.454432     0.478698     0.453754    -5.34     0.15     0.39    0.089       56.09
      8   460,472     0.489034     0.511412     0.488378    -4.58     0.13     0.35    0.090       58.49
      9   460,458     0.521403     0.542422     0.520772    -4.03     0.12     0.32    0.094       60.51
     10   460,445     0.551843      0.57189     0.551258    -3.63     0.11     0.29    0.095       62.30
     11   460,434     0.580963     0.600033       0.5804    -3.28     0.10     0.26    0.098       63.90
     12   460,424     0.608812      0.62645     0.608208    -2.90     0.10     0.25    0.101       65.25
     13   460,414     0.635634     0.652077     0.634995    -2.59     0.10     0.24    0.104       66.38
     14   460,404     0.661374      0.67705     0.660745    -2.37     0.10     0.22    0.105       67.44
     15   460,393     0.685367     0.700615     0.684768    -2.22     0.09     0.19    0.107       68.50
     16   460,382     0.708177     0.723013     0.707584    -2.09     0.08     0.17    0.115       69.39
     17   460,372     0.730246     0.744384     0.729629    -1.94     0.08     0.17    0.120       70.17
     18   460,362     0.751852     0.765246     0.751201    -1.78     0.09     0.17    0.124       70.92
     19   460,353      0.77291      0.78591     0.772271    -1.68     0.08     0.17    0.126       71.54
     20   460,345     0.793257     0.806018     0.792647    -1.61     0.08     0.15    0.126       72.20

  SOLUSD_RTI  (KXSOL15M, 3 exchanges median, 1,111,745 seconds with both)
      k    n_test      RMSE P0      RMSE P1      RMSE P2  P1 imp%  P2 imp%  P4 imp%  b_basis P3 imp%(na)
      1   460,574   0.00888886    0.0125071   0.00884798   -40.71     0.46     1.06    0.053       14.57
      2   460,557     0.012767    0.0153786    0.0127255   -20.46     0.32     0.70    0.064       29.07
      3   460,542    0.0157659    0.0178496     0.015723   -13.22     0.27     0.57    0.069       37.00
      4   460,528    0.0183144    0.0200569    0.0182696    -9.51     0.24     0.52    0.073       42.75
      5   460,514    0.0206099    0.0221062    0.0205628    -7.26     0.23     0.46    0.078       46.78
      6   460,500    0.0226704    0.0239956    0.0226221    -5.85     0.21     0.41    0.083       50.10
      7   460,486    0.0245574    0.0257598    0.0245089    -4.90     0.20     0.36    0.087       53.19
      8   460,472    0.0263294     0.027397    0.0262768    -4.05     0.20     0.35    0.093       55.74
      9   460,458    0.0279946    0.0289619    0.0279397    -3.46     0.20     0.34    0.097       57.95
     10   460,445    0.0295807    0.0304599     0.029523    -2.97     0.19     0.33    0.102       59.81
     11   460,434     0.031102    0.0319059    0.0310412    -2.58     0.20     0.32    0.108       61.54
     12   460,424    0.0325596    0.0332974    0.0324961    -2.27     0.20     0.31    0.113       62.99
     13   460,414    0.0339426    0.0346349    0.0338784    -2.04     0.19     0.29    0.117       64.31
     14   460,404    0.0352667    0.0359219    0.0352024    -1.86     0.18     0.27    0.120       65.51
     15   460,393    0.0365157    0.0371401    0.0364517    -1.71     0.18     0.25    0.122       66.49
     16   460,382    0.0377144    0.0383033    0.0376487    -1.56     0.17     0.23    0.127       67.46
     17   460,372    0.0388537    0.0394153    0.0387874    -1.45     0.17     0.23    0.131       68.39
     18   460,362    0.0399675    0.0404955    0.0398994    -1.32     0.17     0.23    0.135       69.20
     19   460,353    0.0410559    0.0415566    0.0409868    -1.22     0.17     0.23    0.138       69.88
     20   460,345    0.0421272    0.0426069    0.0420583    -1.14     0.16     0.22    0.139       70.60

  XRPUSD_RTI  (KXXRP15M, 3 exchanges median, 1,111,717 seconds with both)
      k    n_test      RMSE P0      RMSE P1      RMSE P2  P1 imp%  P2 imp%  P4 imp%  b_basis P3 imp%(na)
      1   460,574  0.000120001  0.000174405  0.000119523   -45.34     0.40     1.93    0.044       13.93
      2   460,557  0.000182129  0.000219868  0.000181539   -20.72     0.32     1.16    0.077       35.14
      3   460,542   0.00022854  0.000258841  0.000227934   -13.26     0.27     0.86    0.103       44.03
      4   460,528  0.000267906  0.000293155  0.000267238    -9.42     0.25     0.74    0.125       49.44
      5   460,514  0.000302453  0.000324702  0.000301811    -7.36     0.21     0.61    0.146       53.67
      6   460,500  0.000333901  0.000353737  0.000333258    -5.94     0.19     0.54    0.164       57.06
      7   460,486  0.000363226  0.000380995  0.000362554    -4.89     0.18     0.50    0.182       59.51
      8   460,472  0.000390782  0.000406902  0.000390095    -4.13     0.18     0.46    0.201       61.90
      9   460,458  0.000416851  0.000431578  0.000416146    -3.53     0.17     0.44    0.219       63.85
     10   460,445  0.000441938  0.000455374  0.000441192    -3.04     0.17     0.44    0.235       65.21
     11   460,434  0.000465983  0.000478656  0.000465285    -2.72     0.15     0.39    0.249       66.98
     12   460,424   0.00048884  0.000500747  0.000488158    -2.44     0.14     0.35    0.262       68.12
     13   460,414  0.000510573  0.000522011  0.000509962    -2.24     0.12     0.31    0.274       69.24
     14   460,404  0.000531153  0.000542273  0.000530634    -2.09     0.10     0.25    0.284       70.32
     15   460,393  0.000550637  0.000561349  0.000550162    -1.95     0.09     0.23    0.293       71.21
     16   460,382  0.000569392  0.000579694  0.000568952    -1.81     0.08     0.20    0.304       72.01
     17   460,372  0.000587508  0.000597372  0.000587083    -1.68     0.07     0.19    0.314       72.78
     18   460,362  0.000605136  0.000614579  0.000604728    -1.56     0.07     0.18    0.326       73.39
     19   460,353  0.000622366  0.000631369  0.000621951    -1.45     0.07     0.17    0.337       74.09
     20   460,345  0.000639176  0.000647823  0.000638775    -1.35     0.06     0.17    0.348       74.58

  DOGEUSD_RTI  (KXDOGE15M, 2 exchanges median, 1,111,528 seconds with both)
      k    n_test      RMSE P0      RMSE P1      RMSE P2  P1 imp%  P2 imp%  P4 imp%  b_basis P3 imp%(na)
      1   460,569  1.07457e-05  1.59714e-05  1.07265e-05   -48.63     0.18     0.34    0.047       17.54
      2   460,552   1.5418e-05  1.92914e-05  1.53952e-05   -25.12     0.15     0.29    0.057       30.91
      3   460,537  1.90582e-05  2.22461e-05  1.90349e-05   -16.73     0.12     0.23    0.062       37.82
      4   460,523  2.21179e-05  2.48636e-05  2.20939e-05   -12.41     0.11     0.22    0.064       42.45
      5   460,509   2.4864e-05  2.73189e-05  2.48409e-05    -9.87     0.09     0.20    0.070       46.20
      6   460,495  2.74106e-05  2.96206e-05  2.73864e-05    -8.06     0.09     0.18    0.076       49.23
      7   460,481  2.97295e-05  3.17524e-05  2.97049e-05    -6.80     0.08     0.17    0.079       51.82
      8   460,467   3.1938e-05  3.37834e-05  3.19109e-05    -5.78     0.08     0.17    0.082       54.12
      9   460,453  3.39898e-05  3.57001e-05  3.39616e-05    -5.03     0.08     0.16    0.085       56.07
     10   460,440  3.59227e-05  3.75292e-05  3.58942e-05    -4.47     0.08     0.14    0.090       57.96
     11   460,429  3.77539e-05  3.92541e-05  3.77233e-05    -3.97     0.08     0.14    0.094       59.80
     12   460,419  3.94898e-05  4.09007e-05  3.94578e-05    -3.57     0.08     0.13    0.097       61.37
     13   460,409   4.1161e-05  4.24825e-05  4.11263e-05    -3.21     0.08     0.13    0.102       62.80
     14   460,399  4.27649e-05  4.40222e-05  4.27295e-05    -2.94     0.08     0.12    0.105       64.10
     15   460,388  4.42907e-05  4.54802e-05  4.42535e-05    -2.69     0.08     0.11    0.108       65.23
     16   460,377  4.57342e-05   4.6873e-05  4.56968e-05    -2.49     0.08     0.11    0.108       66.24
     17   460,367   4.7111e-05  4.82085e-05  4.70732e-05    -2.33     0.08     0.10    0.113       67.18
     18   460,357  4.84416e-05  4.95076e-05  4.84044e-05    -2.20     0.08     0.10    0.116       68.03
     19   460,348  4.97336e-05  5.07715e-05  4.96972e-05    -2.09     0.07     0.10    0.118       68.79
     20   460,340  5.10287e-05  5.20386e-05  5.09928e-05    -1.98     0.07     0.09    0.122       69.53

  BCHUSD_RTI  (KXBCH15M, 2 exchanges median, 1,110,929 seconds with both)
      k    n_test      RMSE P0      RMSE P1      RMSE P2  P1 imp%  P2 imp%  P4 imp%  b_basis P3 imp%(na)
      1   460,568    0.0225765    0.0705648    0.0225399  -212.56     0.16     0.47    0.066      -74.26
      2   460,551    0.0334735    0.0733946    0.0333808  -119.26     0.28     0.80    0.100      -48.59
      3   460,536    0.0431342    0.0772195    0.0430056   -79.02     0.30     0.75    0.129      -32.02
      4   460,522    0.0514997     0.081394     0.051365   -58.05     0.26     0.60    0.154      -21.82
      5   460,508    0.0589586    0.0856675     0.058821   -45.30     0.23     0.49    0.176      -15.02
      6   460,494    0.0656719    0.0898955    0.0655329   -36.89     0.21     0.42    0.195       -9.96
      7   460,480    0.0718308    0.0940754    0.0717153   -30.97     0.16     0.30    0.214       -5.88
      8   460,466    0.0775965    0.0981683    0.0774831   -26.51     0.15     0.25    0.230       -2.27
      9   460,452    0.0831119     0.102215    0.0829923   -22.99     0.14     0.26    0.245        0.78
     10   460,439    0.0883768     0.106226    0.0882559   -20.20     0.14     0.24    0.258        3.54
     11   460,428    0.0934071     0.110175    0.0932818   -17.95     0.13     0.25    0.270        8.32
     12   460,418    0.0982364     0.114103    0.0981297   -16.15     0.11     0.21    0.283       12.65
     13   460,408     0.102889     0.117931     0.102796   -14.62     0.09     0.18    0.295       16.41
     14   460,398     0.107344      0.12165     0.107271   -13.33     0.07     0.13    0.308       19.45
     15   460,387     0.111621     0.125287     0.111565   -12.24     0.05     0.10    0.319       22.27
     16   460,376     0.115753     0.128831     0.115709   -11.30     0.04     0.10    0.329       24.95
     17   460,366     0.119785     0.132334     0.119757   -10.48     0.02     0.08    0.338       27.35
     18   460,356      0.12371     0.135752     0.123681    -9.73     0.02     0.09    0.346       29.34
     19   460,347     0.127569     0.139146     0.127545    -9.07     0.02     0.08    0.355       31.27
     20   460,339     0.131335     0.142479     0.131311    -8.48     0.02     0.08    0.362       33.12

  ADAUSD_RTI  (KXADA15M, 2 exchanges median, 932,434 seconds with both)
      k    n_test      RMSE P0      RMSE P1      RMSE P2  P1 imp%  P2 imp%  P4 imp%  b_basis P3 imp%(na)
      1   460,574  2.59698e-05  3.84837e-05  2.58395e-05   -48.19     0.50     0.85    0.053       28.05
      2   460,557  3.69741e-05  4.59543e-05  3.68073e-05   -24.29     0.45     0.72    0.072       40.91
      3   460,542  4.57041e-05  5.27131e-05   4.5504e-05   -15.34     0.44     0.68    0.086       47.22
      4   460,528  5.31662e-05  5.89663e-05  5.29436e-05   -10.91     0.42     0.66    0.099       51.46
      5   460,514  5.98935e-05  6.48596e-05  5.96536e-05    -8.29     0.40     0.63    0.112       54.72
      6   460,500  6.60631e-05  7.04201e-05  6.58107e-05    -6.60     0.38     0.59    0.124       57.27
      7   460,486  7.17824e-05  7.56474e-05  7.15131e-05    -5.38     0.38     0.56    0.138       59.46
      8   460,472  7.71966e-05  8.06064e-05   7.6907e-05    -4.42     0.38     0.56    0.149       61.28
      9   460,458  8.23427e-05  8.54057e-05  8.20417e-05    -3.72     0.37     0.56    0.156       62.84
     10   460,445   8.7292e-05  9.00805e-05  8.69813e-05    -3.19     0.36     0.53    0.166       64.33
     11   460,434   9.1992e-05   9.4542e-05  9.16727e-05    -2.77     0.35     0.50    0.174       65.82
     12   460,424  9.64513e-05  9.87966e-05  9.61235e-05    -2.43     0.34     0.47    0.183       67.04
     13   460,414  0.000100654  0.000102828   0.00010032    -2.16     0.33     0.45    0.190       68.08
     14   460,404  0.000104665  0.000106717   0.00010433    -1.96     0.32     0.41    0.197       69.09
     15   460,393  0.000108478  0.000110392  0.000108135    -1.76     0.32     0.40    0.206       69.91
     16   460,382  0.000112146  0.000113951  0.000111799    -1.61     0.31     0.38    0.214       70.68
     17   460,372  0.000115659  0.000117358  0.000115308    -1.47     0.30     0.37    0.219       71.35
     18   460,362  0.000119078  0.000120661  0.000118718    -1.33     0.30     0.36    0.225       71.98
     19   460,353  0.000122369  0.000123841  0.000121998    -1.20     0.30     0.36    0.233       72.58
     20   460,345  0.000125595  0.000126952  0.000125211    -1.08     0.31     0.36    0.240       73.12

==============================================================================
2b. NOWCAST -- is the 92ms arrival lead worth a WHOLE SECOND?
==============================================================================
  At wall clock T+5ms we hold replica[T].  A reader of the published
  feed holds only index[T-1] until T+~95ms.  So the question is not
  whether the replica predicts the future -- it is whether it reads
  the CURRENT second better than the last published print does.
    N0  index[t-1]                     the feed, stale by one second
    N1  replica[t] - ebar[t]           the rebased replica
    N2  index[t-1] + b*(N1 - index[t-1])   fitted OOS
    N3  index[t-1] + c1*d1 + c2*d2     INDEX-ONLY momentum control
    N4  N3 plus the replica basis      everything at once
  all scored against index[t] itself.  N2 over N0 is not yet a
  finding: if the published index is itself smoothed, its own past
  predicts it.  THE COLUMN THAT CREDITS THE SPOT DATA IS N4 vs N3.
  index           n_test    RMSE N0    RMSE N1  N1 imp%  N2 imp%  N3 imp%  N4 imp%  N4 vs N3  b_repl
  BRTI           460,561     4.2974     5.3951   -25.54    10.53     0.07    11.29     11.23   0.368
  ETHUSD_RTI     460,559    0.15793    0.18032   -14.18    17.45     0.04    17.73     17.69   0.339
  SOLUSD_RTI     460,559  0.0088887  0.0098124   -10.39    16.95     0.05    17.34     17.29   0.443
  XRPUSD_RTI     460,559    0.00012 0.00013953   -16.27    21.73     1.11    22.29     21.42   0.348
  DOGEUSD_RTI    460,555 1.0746e-05 1.2478e-05   -16.12    14.22    -0.15    14.66     14.79   0.275
  BCHUSD_RTI     460,554   0.022576   0.069398  -207.39     3.57     1.08     4.00      2.95   0.187
  ADAUSD_RTI     460,559  2.597e-05 3.1409e-05   -20.95    18.38    -0.01    18.31     18.32   0.292

==============================================================================
3. THE DECISIVE TEST -- the r UNPUBLISHED settlement prints
==============================================================================
  Settlement = mean of index prints at seconds [close-60, close-1].
  With r unpublished, decision second t = close-1-r and the unknown
  is mean(index[close-r .. close-1]).  Errors divided by the index's
  own causal 300s per-second sigma so coins pool.

  BRTI  (KXBTC15M, 1,155 closes inside the tape)
    rep_lead=0: replica read at t, the same second as the last published print -- no arrival advantage used
      r  n_test  RMSE model  RMSE repl  RMSE ctrl   RMSE fit  repl imp%  ctrl imp%  fit imp%  fit-ctrl%  b_repl t vs ctrl  MAEimp%   maxerr
      2     403      1.0537     2.0499     1.0526     1.0514       0.02       0.10      0.22       0.12   0.028      0.36    -8.25      8.7
      3     403      1.2088     2.2704     1.2197     1.2206      -0.01      -0.90     -0.97      -0.07   0.007     -0.79    -2.75      8.0
      4     403      1.5373     2.4053     1.5298     1.5308       0.13       0.49      0.43      -0.07  -0.027     -0.30    -2.27     16.4
      5     403      1.7002     2.5167     1.6945     1.6959      -0.09       0.34      0.25      -0.09  -0.013     -0.53    -2.58     20.6
      6     403      2.0208     2.6382     2.0379     2.0380      -0.37      -0.85     -0.85      -0.01  -0.005     -0.19    -1.97     21.1
      7     403      1.8747     2.6308     1.8786     1.8813      -0.21      -0.21     -0.35      -0.14  -0.039     -0.53    -5.77     17.7
      8     403      1.7961     2.5000     1.7992     1.8003      -0.14      -0.17     -0.23      -0.06  -0.016     -0.53    -7.67     14.7
      9     403      2.0199     2.6188     2.0189     2.0199      -0.25       0.05      0.00      -0.05  -0.006     -1.47    -2.11     17.2
     10     403      2.0467     2.6197     2.0641     2.0748      -1.12      -0.85     -1.37      -0.52  -0.070     -1.32    -8.85     15.2
     11     403      2.1035     2.8291     2.0999     2.0998       0.02       0.17      0.17       0.00  -0.010      0.03     0.55     14.1
     12     403      2.2435     2.8288     2.2508     2.2509      -0.09      -0.33     -0.33      -0.00  -0.002     -0.40     0.67     14.7
     13     403      2.1653     2.8338     2.1996     2.2027      -0.02      -1.59     -1.73      -0.14   0.025     -0.95    -6.72     13.6
     14     403      2.5725     3.2999     2.5992     2.5945       0.04      -1.04     -0.86       0.18  -0.089      0.60    -6.63     28.2
     15     403      2.8463     3.3834     2.8523     2.8551      -0.11      -0.21     -0.31      -0.10  -0.109     -0.31    -2.98     26.4
     16     403      2.9505     3.5431     2.9520     2.9448       0.18      -0.05      0.19       0.24  -0.078      1.17    -2.59     25.0
     17     403      2.9064     3.5280     2.9080     2.9041       0.11      -0.05      0.08       0.14  -0.053      0.91    -1.10     23.1
     18     403      2.8438     3.4482     2.8408     2.8396       0.17       0.10      0.15       0.04  -0.096      0.15    -3.91     21.9
     19     403      2.9328     3.4619     2.9498     2.9507       0.02      -0.58     -0.61      -0.03   0.036     -0.27    -0.93     21.2
    rep_lead=1: replica read at t+1 -- the REAL-TIME position, one second of spot the published feed has not printed yet
      r  n_test  RMSE model  RMSE repl  RMSE ctrl   RMSE fit  repl imp%  ctrl imp%  fit imp%  fit-ctrl%  b_repl t vs ctrl  MAEimp%   maxerr
      2     403      1.0537     1.7571     1.0526     1.0408       1.30       0.10      1.23       1.12   0.328      0.23   -71.15      8.7
      3     403      1.2088     1.8936     1.2197     1.1998       1.81      -0.90      0.74       1.63   0.136      1.22   -17.96      8.0
      4     403      1.5373     2.1195     1.5298     1.4837       2.35       0.49      3.49       3.01   0.136      1.18     2.70     16.4
      5     403      1.7002     2.2196     1.6945     1.6654       1.56       0.34      2.04       1.71   0.100      1.44     1.10     20.6
      6     403      2.0208     2.3408     2.0379     1.9775       2.72      -0.85      2.14       2.96   0.338      1.06   -18.66     21.1
      7     403      1.8747     2.4347     1.8786     1.8652       0.83      -0.21      0.50       0.71   0.083      1.21     3.96     17.7
      8     403      1.7961     2.4844     1.7992     1.7968       0.07      -0.17     -0.04       0.14   0.027      0.71    -5.96     14.7
      9     403      2.0199     2.3639     2.0189     1.9680       2.53       0.05      2.57       2.52   0.121      1.75    -3.41     17.2
     10     403      2.0467     2.5165     2.0645     2.0471       1.15      -0.87     -0.02       0.84   0.079      1.73    -2.33     15.2
     11     403      2.1035     2.5006     2.1001     2.0494       2.29       0.16      2.57       2.42   0.124      1.97     0.27     14.1
     12     403      2.2435     2.6951     2.2508     2.2370       0.60      -0.33      0.29       0.61   0.098      1.39    -1.09     14.7
     13     403      2.1653     2.6927     2.1996     2.2038       0.18      -1.59     -1.78      -0.19   0.106     -0.37    -6.63     13.6
     14     403      2.5725     2.7159     2.5992     2.5048       3.67      -1.04      2.63       3.63   0.128      1.01    -5.70     28.2
     15     403      2.8463     3.1658     2.8523     2.8366       0.45      -0.21      0.34       0.55   0.046      1.36    -4.03     26.4
     16     403      2.9505     3.2336     2.9520     2.9226       0.99      -0.05      0.95       1.00   0.133      1.09    -2.52     25.0
     17     403      2.9064     3.3961     2.9080     2.9076       0.00      -0.05     -0.04       0.01   0.032      0.15     3.99     23.1
     18     403      2.8438     3.3937     2.8408     2.8439      -0.11       0.10     -0.00      -0.11   0.078     -0.45    -4.42     21.9
     19     403      2.9328     3.3279     2.9498     2.9384       0.41      -0.58     -0.19       0.39   0.174      0.48    -4.47     21.2
    rep_lead=-60: PLACEBO: replica read at t-60, a full minute stale. Whatever this row finds, the fitting procedure manufactures.
      r  n_test  RMSE model  RMSE repl  RMSE ctrl   RMSE fit  repl imp%  ctrl imp%  fit imp%  fit-ctrl%  b_repl t vs ctrl  MAEimp%   maxerr
      2     403      1.0537     7.7240     1.0526     1.0534      -0.10       0.10      0.03      -0.08  -0.002     -0.77    -9.48      8.7
      3     403      1.2088     7.7698     1.2197     1.2210      -0.08      -0.90     -1.01      -0.11   0.003     -1.09    -2.93      8.0
      4     403      1.5373     7.7859     1.5296     1.5300      -0.09       0.50      0.48      -0.03   0.004     -0.28    -2.19     16.4
      5     403      1.7002     7.7344     1.6945     1.6923       0.01       0.34      0.47       0.13   0.013      0.34     0.62     20.6
      6     403      2.0208     7.7626     2.0379     2.0372      -0.20      -0.85     -0.81       0.03   0.005      0.35    -0.63     21.1
      7     403      1.8747     7.8037     1.8786     1.8791      -0.01      -0.21     -0.24      -0.03  -0.001     -0.89    -2.04     17.7
      8     403      1.7961     7.8262     1.7992     1.8012      -0.15      -0.17     -0.28      -0.11  -0.006     -0.96    -7.77     14.7
      9     403      2.0199     7.7997     2.0189     2.0185       0.02       0.05      0.07       0.02   0.002      0.46    -2.00     17.2
     10     403      2.0467     7.7444     2.0645     2.0689      -0.27      -0.87     -1.08      -0.21  -0.010     -0.88    -4.92     15.2
     11     403      2.1035     7.7796     2.0999     2.1000      -0.01       0.17      0.17      -0.00   0.001     -0.13     1.06     14.1
     12     403      2.2435     7.8314     2.2508     2.2509      -0.09      -0.33     -0.33      -0.01   0.003     -0.16    -0.52     14.7
     13     403      2.1653     7.9597     2.1996     2.2005      -0.01      -1.59     -1.63      -0.04   0.003     -0.85    -6.92     13.6
     14     403      2.5725     7.9858     2.5992     2.6043      -0.07      -1.04     -1.24      -0.20   0.007     -2.46    -3.04     28.2
     15     403      2.8463     8.0179     2.8523     2.8521       0.03      -0.21     -0.20       0.01  -0.001      1.17    -5.20     26.4
     16     403      2.9505     7.8765     2.9520     2.9577      -0.18      -0.05     -0.25      -0.19   0.011     -1.71    -2.62     25.0
     17     403      2.9064     7.8869     2.9080     2.9189      -0.33      -0.05     -0.43      -0.38   0.016     -2.11     0.72     23.1
     18     403      2.8438     7.8354     2.8408     2.8457      -0.12       0.10     -0.07      -0.17   0.012     -1.21    -3.45     21.9
     19     403      2.9328     7.8256     2.9498     2.9529       0.00      -0.58     -0.68      -0.10   0.019     -0.45    -3.80     21.2

  ETHUSD_RTI  (KXETH15M, 1,155 closes inside the tape)
    rep_lead=0: replica read at t, the same second as the last published print -- no arrival advantage used
      r  n_test  RMSE model  RMSE repl  RMSE ctrl   RMSE fit  repl imp%  ctrl imp%  fit imp%  fit-ctrl%  b_repl t vs ctrl  MAEimp%   maxerr
      2     403      1.1183     1.8847     1.1209     1.1208       0.11      -0.23     -0.22       0.01   0.035      0.06    -4.56     13.4
      3     403      1.1657     1.8804     1.1704     1.1697      -0.62      -0.40     -0.34       0.06   0.028      0.35    -5.56      9.0
      4     403      1.4232     2.0512     1.4329     1.4294      -0.04      -0.68     -0.43       0.24   0.050      1.15    -0.05     12.9
      5     403      1.4851     1.9812     1.5024     1.4870       0.43      -1.17     -0.13       1.03   0.085      2.45    -4.54     12.6
      6     403      1.5897     2.0404     1.5963     1.5891       0.35      -0.42      0.04       0.46   0.041      2.44     4.04     11.7
      7     403      1.5471     2.0298     1.5522     1.5472       0.33      -0.33     -0.00       0.32   0.037      1.83    -3.19      9.9
      8     403      1.5810     2.1365     1.5825     1.5861      -0.03      -0.10     -0.32      -0.23  -0.018     -2.65    -0.62      8.4
      9     403      1.6855     2.1695     1.6778     1.6750       0.29       0.46      0.62       0.17   0.023      1.61     1.49      7.0
     10     403      1.6816     2.1952     1.6887     1.6820       0.30      -0.42     -0.02       0.40   0.064      1.24     2.26      7.0
     11     403      2.0460     2.5287     2.0531     2.0476       0.30      -0.35     -0.08       0.27   0.047      1.55    -1.91     17.3
     12     403      2.0655     2.4001     2.0577     2.0535       0.37       0.38      0.58       0.20   0.041      1.17     5.47     16.7
     13     403      1.9723     2.3404     1.9987     1.9963       0.18      -1.34     -1.21       0.12   0.027      0.95     1.91     15.4
     14     403      2.0656     2.4715     2.0748     2.0727      -0.11      -0.45     -0.34       0.10   0.024      0.62     0.76     14.0
     15     403      2.6415     2.9795     2.6492     2.6457      -0.14      -0.29     -0.16       0.13   0.051      0.75    -0.54     26.8
     16     403      2.7093     3.0132     2.7115     2.7046       0.19      -0.08      0.17       0.26   0.107      0.78     1.71     26.6
     17     403      2.7125     3.0230     2.7175     2.7121       0.09      -0.18      0.02       0.20   0.046      1.48     5.04     25.8
     18     403      2.6910     3.0410     2.7028     2.6962      -0.02      -0.44     -0.19       0.24   0.086      1.01    -0.71     23.4
     19     403      2.6965     3.0553     2.7206     2.7213      -0.10      -0.89     -0.92      -0.03   0.074     -0.14    -2.57     21.7
    rep_lead=1: replica read at t+1 -- the REAL-TIME position, one second of spot the published feed has not printed yet
      r  n_test  RMSE model  RMSE repl  RMSE ctrl   RMSE fit  repl imp%  ctrl imp%  fit imp%  fit-ctrl%  b_repl t vs ctrl  MAEimp%   maxerr
      2     403      1.1183     1.5617     1.1209     1.0463       6.52      -0.23      6.44       6.66   0.097      1.65    -8.94     13.4
      3     403      1.1657     1.7059     1.1704     1.1455       1.87      -0.40      1.74       2.13   0.175      1.53   -20.35      9.0
      4     403      1.4232     1.7266     1.4329     1.3246       7.20      -0.68      6.93       7.56   0.232      1.82    -5.39     12.9
      5     403      1.4851     1.8658     1.5024     1.4606       2.24      -1.17      1.65       2.78   0.148      2.79   -10.39     12.6
      6     403      1.5897     1.8253     1.5963     1.5286       4.26      -0.42      3.84       4.24   0.193      3.33    -1.70     11.7
      7     403      1.5471     1.8950     1.5522     1.4994       3.44      -0.33      3.08       3.40   0.258      2.06    -5.06      9.9
      8     403      1.5810     1.9015     1.5825     1.5417       2.56      -0.10      2.48       2.58   0.130      3.24    -1.56      8.4
      9     403      1.6855     2.0189     1.6778     1.6473       1.89       0.46      2.26       1.82   0.078      3.68     3.10      7.0
     10     403      1.6816     2.0979     1.6889     1.6552       1.69      -0.43      1.57       2.00   0.149      2.05    -0.66      7.0
     11     403      2.0460     2.0899     2.0528     1.8574       9.53      -0.33      9.22       9.52   0.206      1.82    -3.49     17.3
     12     403      2.0655     2.4000     2.0577     2.0460       0.66       0.38      0.94       0.57   0.137      0.72     6.37     16.7
     13     403      1.9723     2.2719     1.9987     1.9791       1.06      -1.34     -0.35       0.98   0.099      1.98     0.81     15.4
     14     403      2.0656     2.2341     2.0748     2.0365       1.96      -0.45      1.41       1.85   0.118      2.29     1.31     14.0
     15     403      2.6415     2.3683     2.6492     2.4098       8.42      -0.29      8.77       9.04   0.193      1.58    -1.57     26.8
     16     403      2.7093     2.8375     2.7115     2.6588       1.87      -0.08      1.86       1.94   0.212      2.02    -5.45     26.6
     17     403      2.7125     2.8764     2.7175     2.6717       1.47      -0.18      1.50       1.68   0.200      2.63     7.79     25.8
     18     403      2.6910     2.8923     2.7028     2.6687       0.87      -0.44      0.83       1.26   0.171      2.31    -3.00     23.4
     19     403      2.6965     2.9211     2.7206     2.6905       0.87      -0.89      0.22       1.10   0.187      1.88    -5.82     21.7
    rep_lead=-60: PLACEBO: replica read at t-60, a full minute stale. Whatever this row finds, the fitting procedure manufactures.
      r  n_test  RMSE model  RMSE repl  RMSE ctrl   RMSE fit  repl imp%  ctrl imp%  fit imp%  fit-ctrl%  b_repl t vs ctrl  MAEimp%   maxerr
      2     403      1.1183     7.5907     1.1209     1.1249      -0.45      -0.23     -0.59      -0.35  -0.008     -1.03    -3.07     13.4
      3     403      1.1657     7.6349     1.1704     1.1657      -0.41      -0.40      0.01       0.40  -0.010      1.06    -3.54      9.0
      4     403      1.4232     7.5910     1.4328     1.4255       0.65      -0.68     -0.16       0.52  -0.015      1.21     2.97     12.9
      5     403      1.4851     7.6713     1.5024     1.4983       0.25      -1.17     -0.89       0.28  -0.009      1.27     0.92     12.6
      6     403      1.5897     7.6232     1.5963     1.5935       0.17      -0.42     -0.24       0.17  -0.007      1.23     3.64     11.7
      7     403      1.5471     7.6235     1.5522     1.5510       0.08      -0.33     -0.25       0.08  -0.002      1.60    -3.77      9.9
      8     403      1.5810     7.6025     1.5825     1.5822       0.02      -0.10     -0.08       0.02  -0.007      0.09     1.86      8.4
      9     403      1.6855     7.6540     1.6778     1.6765      -0.03       0.46      0.53       0.08  -0.012      0.23     0.24      7.0
     10     403      1.6816     7.7414     1.6889     1.6887      -0.09      -0.43     -0.42       0.01  -0.010      0.04    -1.72      7.0
     11     403      2.0460     7.6849     2.0531     2.0538      -0.04      -0.35     -0.38      -0.04   0.001     -1.41    -4.35     17.3
     12     403      2.0655     7.7353     2.0577     2.0577      -0.13       0.38      0.38      -0.00   0.000     -1.06     7.51     16.7
     13     403      1.9723     7.8430     1.9987     1.9950       0.13      -1.34     -1.15       0.19  -0.006      1.42     2.69     15.4
     14     403      2.0656     7.9552     2.0748     2.0729       0.06      -0.45     -0.35       0.09  -0.002      1.91    -0.67     14.0
     15     403      2.6415     7.9795     2.6492     2.6470      -0.13      -0.29     -0.21       0.08  -0.010      0.50    -7.61     26.8
     16     403      2.7093     8.0246     2.7115     2.7139      -0.18      -0.08     -0.17      -0.09   0.005     -1.44     2.43     26.6
     17     403      2.7125     7.9855     2.7175     2.7159      -0.14      -0.18     -0.13       0.06  -0.005      0.90     2.83     25.8
     18     403      2.6910     7.9665     2.7028     2.7016      -0.08      -0.44     -0.39       0.04  -0.004      0.88    -0.97     23.4
     19     403      2.6965     7.9503     2.7206     2.7206      -0.14      -0.89     -0.89       0.00  -0.000      0.28    -4.06     21.7

  SOLUSD_RTI  (KXSOL15M, 1,157 closes inside the tape)
    rep_lead=0: replica read at t, the same second as the last published print -- no arrival advantage used
      r  n_test  RMSE model  RMSE repl  RMSE ctrl   RMSE fit  repl imp%  ctrl imp%  fit imp%  fit-ctrl%  b_repl t vs ctrl  MAEimp%   maxerr
Traceback (most recent call last):
  File [35m"C:\kals-repo\research\spotlead.py"[0m, line [35m1534[0m, in [35m<module>[0m
    sys.exit([31mmain[0m[1;31m()[0m)
             [31m~~~~[0m[1;31m^^[0m
  File [35m"C:\kals-repo\research\spotlead.py"[0m, line [35m1521[0m, in [35mmain[0m
    mm = [31m100.0 * (d["mae_model"] - d["mae_fitted"]) [0m[1;31m/[0m[31m d["mae_model"][0m
         [31m~~~~~~~~~~~~~~~~~~~~~~~~~~~~~~~~~~~~~~~~~~~[0m[1;31m^[0m[31m~~~~~~~~~~~~~~~[0m
[1;35mZeroDivisionError[0m: [35mdivision by zero[0m
EXIT=1
