
##############################################################################
# REAL DATA
##############################################################################

==============================================================================
4. VARIANTS -- is the answer about the DATA or about the FORMULA?  (BRTI)
==============================================================================
  venue seconds present: coinbase=1,159,556, kraken=1,103,460, bitstamp=1,161,234, gemini=1,161,946
  nowcast of index[t] from index[t-1] (N0) and each reading.
  N3 is the INDEX-ONLY momentum control; the column that credits
  the constituent books is N4 vs N3, not N2 vs N0.
  reading             n_test    RMSE N0    RMSE N1  N1 imp%  N2 imp%  N3 imp%  N4 imp%  N4 vs N3  b_repl
  wmid               461,113     4.2966     5.3946   -25.55    10.53     0.07    11.29     11.23   0.368
  median_mid         461,113     4.2966     4.5289    -5.41    13.42     0.07    14.72     14.66   0.619
  coinbase           460,314      4.293     3.9283     8.50    23.25     0.07    23.59     23.53   0.421
  kraken             444,037     4.3533     7.5833   -74.20     1.16     0.07     1.65      1.58   0.058
  bitstamp           461,099     4.2966      5.551   -29.20     7.56     0.07     8.35      8.29   0.478
  gemini             461,102     4.2966     5.8658   -36.52     9.10     0.07     9.53      9.47   0.373
  med3_no_gemini     443,275     4.3498     4.6135    -6.06    13.06     0.07    14.50     14.44   0.605

  best reading by MARGINAL value over the index-only control: coinbase (+23.53%)
  settlement test on coinbase, rep_lead=0, 1,155 closes
      r  n_test  RMSE model  RMSE repl  RMSE ctrl   RMSE fit  repl imp%  ctrl imp%  fit imp%  fit-ctrl%  b_repl MAEmodel  MAEimp%   maxerr
      2     402      1.0549     1.7191     1.0538     1.0621      -0.85       0.10     -0.69      -0.79   0.101    0.258   -10.90      8.7
      3     402      1.2103     1.8247     1.2212     1.2476      -1.56      -0.90     -3.08      -2.16   0.167    0.338   -19.00      8.0
      4     402      1.5392     2.1795     1.5316     1.5518      -1.83       0.49     -0.82      -1.32   0.119    0.414    -4.45     16.4
      5     402      1.7023     2.1864     1.6965     1.6959      -0.01       0.34      0.38       0.04   0.020    0.456    -0.01     20.6
      6     402      2.0233     2.4329     2.0404     2.0478      -0.50      -0.85     -1.21      -0.36   0.120    0.562    -0.19     21.1
      7     402      1.8768     2.3537     1.8808     1.8902      -0.35      -0.21     -0.71      -0.50   0.099    0.562    -5.74     17.7
      8     401      1.8003     2.2977     1.8034     1.8166      -0.54      -0.17     -0.91      -0.74   0.117    0.517    -6.98     14.7
      9     401      2.0248     2.3551     2.0236     2.0206       0.24       0.06      0.21       0.15   0.108    0.652     0.47     17.2
     10     401      2.0511     2.3846     2.0686     2.0681       0.15      -0.85     -0.83       0.03   0.036    0.655     1.16     15.2
     11     401      2.1063     2.3327     2.1027     2.0959       0.27       0.17      0.49       0.32   0.046    0.750     1.59     14.1
     12     401      2.2469     2.4727     2.2530     2.2451       0.33      -0.27      0.08       0.35   0.070    0.761    -7.96     14.7
     13     401      2.1683     2.3983     2.2013     2.1947       0.36      -1.52     -1.22       0.30   0.094    0.800    -4.77     13.6
     14     401      2.5780     2.7759     2.6045     2.5994       0.15      -1.03     -0.83       0.20   0.045    0.907    -4.23     28.2
     15     401      2.8532     2.9643     2.8592     2.8564       0.05      -0.21     -0.11       0.10   0.013    0.943    -2.39     26.4
     16     401      2.9574     3.1725     2.9589     2.9569       0.06      -0.05      0.02       0.07   0.044    0.966    -1.25     25.0
     17     401      2.9127     3.1740     2.9146     2.9146      -0.02      -0.06     -0.06       0.00   0.001    1.085     1.97     23.1
     18     401      2.8500     3.1332     2.8468     2.8470       0.03       0.11      0.11      -0.01  -0.008    1.107    -1.52     21.9
     19     401      2.9394     3.1707     2.9565     2.9590      -0.15      -0.58     -0.67      -0.08  -0.039    1.113    -0.87     21.2
  settlement test on coinbase, rep_lead=1, 1,155 closes
      r  n_test  RMSE model  RMSE repl  RMSE ctrl   RMSE fit  repl imp%  ctrl imp%  fit imp%  fit-ctrl%  b_repl MAEmodel  MAEimp%   maxerr
      2     402      1.0549     1.4441     1.0538     1.0641      -1.84       0.10     -0.87      -0.97   0.561    0.258   -85.83      8.7
      3     402      1.2103     1.5249     1.2212     1.2383      -0.96      -0.90     -2.32      -1.40   0.603    0.338   -74.29      8.0
      4     402      1.5392     1.6379     1.5316     1.3635      10.37       0.49     11.41      10.98   0.376    0.414   -21.61     16.4
      5     402      1.7023     1.9494     1.6965     1.6411       3.03       0.34      3.59       3.27   0.318    0.456   -14.11     20.6
      6     402      2.0233     1.9733     2.0404     1.8217      10.10      -0.85      9.96      10.72   0.563    0.562   -24.33     21.1
      7     402      1.8768     2.1968     1.8808     1.9185      -1.75      -0.21     -2.22      -2.00   0.485    0.562   -22.40     17.7
      8     402      1.7982     2.1639     1.8013     1.8002       0.11      -0.17     -0.11       0.06   0.254    0.517   -14.07     14.7
      9     401      2.0248     2.1398     2.0236     1.8958       6.38       0.06      6.37       6.32   0.414    0.652    -8.09     17.2
     10     401      2.0511     2.2665     2.0691     2.0451       1.30      -0.88      0.29       1.16   0.379    0.655    -6.22     15.2
     11     401      2.1063     2.2506     2.1029     1.9638       6.73       0.16      6.77       6.62   0.443    0.750   -11.64     14.1
     12     401      2.2469     2.1848     2.2530     2.1271       5.62      -0.27      5.33       5.59   0.283    0.761    -6.43     14.7
     13     401      2.1683     2.3241     2.2013     2.1704       1.71      -1.52     -0.09       1.41   0.370    0.800    -9.66     13.6
     14     401      2.5780     2.2680     2.6045     2.2990      11.79      -1.03     10.82      11.73   0.371    0.907    -1.66     28.2
     15     401      2.8532     2.6272     2.8592     2.6314       7.90      -0.21      7.78       7.97   0.356    0.943     0.75     26.4
     16     401      2.9574     2.8063     2.9589     2.7680       6.40      -0.05      6.40       6.45   0.452    0.966    -5.03     25.0
     17     401      2.9127     3.0163     2.9146     2.8711       1.49      -0.06      1.43       1.49   0.337    1.085     0.35     23.1
     18     401      2.8500     3.0287     2.8468     2.8278       0.63       0.11      0.78       0.67   0.282    1.107     3.94     21.9
     19     401      2.9394     2.9999     2.9560     2.8851       2.18      -0.56      1.85       2.40   0.458    1.113    -8.28     21.2

  total wall time 115s
EXIT=0
