
##############################################################################
# REAL DATA
##############################################################################
  329 hour files, 20260825T03 .. 20260908T13, 1,249,202 seconds of span
  loaded in 118s
  index ids with a replica: ADAUSD_RTI=937,079s, BCHUSD_RTI=1,122,258s, BRTI=1,122,262s, DOGEUSD_RTI=1,122,256s, ETHUSD_RTI=1,122,261s, SOLUSD_RTI=1,122,260s, XRPUSD_RTI=1,122,258s
  index ids with NO replica (no constituent books recorded): BNBUSD_RTI, HYPEUSD_RTI, NEARUSD_RTI, ZECUSD_RTI
  replica seconds: ADAUSD_RTI=1,161,450, BCHUSD_RTI=1,161,055, BRTI=1,161,919, DOGEUSD_RTI=1,161,667, ETHUSD_RTI=1,161,900, SOLUSD_RTI=1,161,917, XRPUSD_RTI=1,161,891
  median exchanges per second in the replica: ADAUSD_RTI=2, BCHUSD_RTI=2, BRTI=4, DOGEUSD_RTI=2, ETHUSD_RTI=3, SOLUSD_RTI=3, XRPUSD_RTI=3

==============================================================================
1. TIMING -- does the replica ARRIVE before the index print?
==============================================================================
  Both stamps are local time.time() on THIS machine: _rx_ms in
  kalshi_collector.py:326, _rx in crypto_feeds.py index_replica().
  Same clock, two processes -- so this is arrival, not skew.

  CF print stamp -> our receipt (ms), n=7,670,634
    p1 48  p25 85  MEDIAN 109  p75 159  p95 1378  p99 3303
  replica top-of-second -> its own stamp (ms), n=1,161,919
    p1 0.0  p25 2.0  MEDIAN 4.0  p75 8.0  p95 14.0  p99 16.0

  GAP for the SAME second = index receipt - replica stamp, ms
  (positive = the replica was in hand first)
  index                  n      p1      p5     p25   MEDIAN     p75     p95     p99  %replica first
  BRTI           1,112,003      43      56      82      107     158    1377    3300         100.00%
  ETHUSD_RTI     1,111,983      42      55      81      106     157    1377    3297         100.00%
  SOLUSD_RTI     1,112,000      40      54      80      105     156    1376    3297         100.00%
  XRPUSD_RTI     1,111,973      40      53      80      104     156    1374    3296         100.00%
  DOGEUSD_RTI    1,111,783      40      52      79      104     155    1372    3291         100.00%
  BCHUSD_RTI     1,111,191      41      54      80      105     156    1373    3289         100.00%
  ADAUSD_RTI       932,739      39      52      76       97     132    1348    3131         100.00%

==============================================================================
2. PREDICTIVE POWER -- replica[t] rebased vs persistence
==============================================================================
  P0 persistence  index[t]                    (what the model does)
  P1 rebased      replica[t] - ebar[t]        (ebar = causal 300s mean of replica-index)
  P2 fitted OOS   index[t] + b_k*(rebased - index[t]), b_k fitted
                  on the first 60% of the span BY TIME, scored on the rest
  P3 DIAGNOSTIC   index[t] + (replica[t+k] - replica[t]) -- uses the
                  FUTURE replica, NOT TRADEABLE, an upper bound only
  P4 fitted OOS   as P2 but with the replica's own last move
                  (replica[t]-replica[t-1]) as a second regressor

  BRTI: horizon table skipped (--skip-predict)

  ETHUSD_RTI: horizon table skipped (--skip-predict)

  SOLUSD_RTI: horizon table skipped (--skip-predict)

  XRPUSD_RTI: horizon table skipped (--skip-predict)

  DOGEUSD_RTI: horizon table skipped (--skip-predict)

  BCHUSD_RTI: horizon table skipped (--skip-predict)

  ADAUSD_RTI: horizon table skipped (--skip-predict)

==============================================================================
2b. NOWCAST -- is the 92ms arrival lead worth a WHOLE SECOND?
==============================================================================
  At wall clock T+5ms we hold replica[T].  A reader of the published
  feed holds only index[T-1] until T+~95ms.  So the question is not
  whether the replica predicts the future -- it is whether it reads
  the CURRENT second better than the last published print does.
    N0  index[t-1]                     the feed, stale by one second
    N1  replica[t] - ebar[t]           the rebased replica
    N2  index[t-1] + b*(N1 - index[t-1])   fitted OOS
    N3  index[t-1] + c1*d1 + c2*d2     INDEX-ONLY momentum control
    N4  N3 plus the replica basis      everything at once
  all scored against index[t] itself.  N2 over N0 is not yet a
  finding: if the published index is itself smoothed, its own past
  predicts it.  THE COLUMN THAT CREDITS THE SPOT DATA IS N4 vs N3.
  index           n_test    RMSE N0    RMSE N1  N1 imp%  N2 imp%  N3 imp%  N4 imp%  N4 vs N3  b_repl
  BRTI           461,036     4.2967     5.3948   -25.56    10.53     0.07    11.29     11.23   0.368
  ETHUSD_RTI     461,034    0.15788    0.18035   -14.23    17.43     0.04    17.71     17.68   0.339
  SOLUSD_RTI     461,034  0.0088865  0.0098114   -10.41    16.94     0.05    17.33     17.29   0.443
  XRPUSD_RTI     461,034 0.00011997 0.00013952   -16.30    21.72     1.11    22.28     21.41   0.348
  DOGEUSD_RTI    461,030 1.0743e-05 1.2475e-05   -16.13    14.22    -0.15    14.65     14.78   0.275
  BCHUSD_RTI     461,029    0.02257   0.069371  -207.36     3.58     1.08     4.00      2.96   0.187
  ADAUSD_RTI     461,034 2.5965e-05 3.1407e-05   -20.96    18.38    -0.01    18.31     18.32   0.292

==============================================================================
3. THE DECISIVE TEST -- the r UNPUBLISHED settlement prints
==============================================================================
  Settlement = mean of index prints at seconds [close-60, close-1].
  With r unpublished, decision second t = close-1-r and the unknown
  is mean(index[close-r .. close-1]).  Errors divided by the index's
  own causal 300s per-second sigma so coins pool.

  BRTI  (KXBTC15M, 1,155 closes inside the tape)
    rep_lead=0: replica read at t, the same second as the last published print -- no arrival advantage used
      r  n_test  RMSE model  RMSE repl  RMSE ctrl   RMSE fit  repl imp%  ctrl imp%  fit imp%  fit-ctrl%  b_repl t vs ctrl  MAEimp%   maxerr
      2     403      1.0537     2.0499     1.0526     1.0514       0.02       0.10      0.22       0.12   0.028      0.36    -8.25      8.7
      3     403      1.2088     2.2704     1.2197     1.2206      -0.01      -0.90     -0.97      -0.07   0.007     -0.79    -2.75      8.0
      4     403      1.5373     2.4053     1.5298     1.5308       0.13       0.49      0.43      -0.07  -0.027     -0.30    -2.27     16.4
      5     403      1.7002     2.5167     1.6945     1.6959      -0.09       0.34      0.25      -0.09  -0.013     -0.53    -2.58     20.6
      6     403      2.0208     2.6382     2.0379     2.0380      -0.37      -0.85     -0.85      -0.01  -0.005     -0.19    -1.97     21.1
      7     403      1.8747     2.6308     1.8786     1.8813      -0.21      -0.21     -0.35      -0.14  -0.039     -0.53    -5.77     17.7
      8     403      1.7961     2.5000     1.7992     1.8003      -0.14      -0.17     -0.23      -0.06  -0.016     -0.53    -7.67     14.7
      9     403      2.0199     2.6188     2.0189     2.0199      -0.25       0.05      0.00      -0.05  -0.006     -1.47    -2.11     17.2
     10     403      2.0467     2.6197     2.0641     2.0748      -1.12      -0.85     -1.37      -0.52  -0.070     -1.32    -8.85     15.2
     11     403      2.1035     2.8291     2.0999     2.0998       0.02       0.17      0.17       0.00  -0.010      0.03     0.55     14.1
     12     403      2.2435     2.8288     2.2508     2.2509      -0.09      -0.33     -0.33      -0.00  -0.002     -0.40     0.67     14.7
     13     403      2.1653     2.8338     2.1996     2.2027      -0.02      -1.59     -1.73      -0.14   0.025     -0.95    -6.72     13.6
     14     403      2.5725     3.2999     2.5992     2.5945       0.04      -1.04     -0.86       0.18  -0.089      0.60    -6.63     28.2
     15     403      2.8463     3.3834     2.8523     2.8551      -0.11      -0.21     -0.31      -0.10  -0.109     -0.31    -2.98     26.4
     16     403      2.9505     3.5431     2.9520     2.9448       0.18      -0.05      0.19       0.24  -0.078      1.17    -2.59     25.0
     17     403      2.9064     3.5280     2.9080     2.9041       0.11      -0.05      0.08       0.14  -0.053      0.91    -1.10     23.1
     18     403      2.8438     3.4482     2.8408     2.8396       0.17       0.10      0.15       0.04  -0.096      0.15    -3.91     21.9
     19     403      2.9328     3.4619     2.9498     2.9507       0.02      -0.58     -0.61      -0.03   0.036     -0.27    -0.93     21.2
    rep_lead=1: replica read at t+1 -- the REAL-TIME position, one second of spot the published feed has not printed yet
      r  n_test  RMSE model  RMSE repl  RMSE ctrl   RMSE fit  repl imp%  ctrl imp%  fit imp%  fit-ctrl%  b_repl t vs ctrl  MAEimp%   maxerr
      2     403      1.0537     1.7571     1.0526     1.0408       1.30       0.10      1.23       1.12   0.328      0.23   -71.15      8.7
      3     403      1.2088     1.8936     1.2197     1.1998       1.81      -0.90      0.74       1.63   0.136      1.22   -17.96      8.0
      4     403      1.5373     2.1195     1.5298     1.4837       2.35       0.49      3.49       3.01   0.136      1.18     2.70     16.4
      5     403      1.7002     2.2196     1.6945     1.6654       1.56       0.34      2.04       1.71   0.100      1.44     1.10     20.6
      6     403      2.0208     2.3408     2.0379     1.9775       2.72      -0.85      2.14       2.96   0.338      1.06   -18.66     21.1
      7     403      1.8747     2.4347     1.8786     1.8652       0.83      -0.21      0.50       0.71   0.083      1.21     3.96     17.7
      8     403      1.7961     2.4844     1.7992     1.7968       0.07      -0.17     -0.04       0.14   0.027      0.71    -5.96     14.7
      9     403      2.0199     2.3639     2.0189     1.9680       2.53       0.05      2.57       2.52   0.121      1.75    -3.41     17.2
     10     403      2.0467     2.5165     2.0645     2.0471       1.15      -0.87     -0.02       0.84   0.079      1.73    -2.33     15.2
     11     403      2.1035     2.5006     2.1001     2.0494       2.29       0.16      2.57       2.42   0.124      1.97     0.27     14.1
     12     403      2.2435     2.6951     2.2508     2.2370       0.60      -0.33      0.29       0.61   0.098      1.39    -1.09     14.7
     13     403      2.1653     2.6927     2.1996     2.2038       0.18      -1.59     -1.78      -0.19   0.106     -0.37    -6.63     13.6
     14     403      2.5725     2.7159     2.5992     2.5048       3.67      -1.04      2.63       3.63   0.128      1.01    -5.70     28.2
     15     403      2.8463     3.1658     2.8523     2.8366       0.45      -0.21      0.34       0.55   0.046      1.36    -4.03     26.4
     16     403      2.9505     3.2336     2.9520     2.9226       0.99      -0.05      0.95       1.00   0.133      1.09    -2.52     25.0
     17     403      2.9064     3.3961     2.9080     2.9076       0.00      -0.05     -0.04       0.01   0.032      0.15     3.99     23.1
     18     403      2.8438     3.3937     2.8408     2.8439      -0.11       0.10     -0.00      -0.11   0.078     -0.45    -4.42     21.9
     19     403      2.9328     3.3279     2.9498     2.9384       0.41      -0.58     -0.19       0.39   0.174      0.48    -4.47     21.2
    rep_lead=-60: PLACEBO: replica read at t-60, a full minute stale. Whatever this row finds, the fitting procedure manufactures.
      r  n_test  RMSE model  RMSE repl  RMSE ctrl   RMSE fit  repl imp%  ctrl imp%  fit imp%  fit-ctrl%  b_repl t vs ctrl  MAEimp%   maxerr
      2     403      1.0537     7.7240     1.0526     1.0534      -0.10       0.10      0.03      -0.08  -0.002     -0.77    -9.48      8.7
      3     403      1.2088     7.7698     1.2197     1.2210      -0.08      -0.90     -1.01      -0.11   0.003     -1.09    -2.93      8.0
      4     403      1.5373     7.7859     1.5296     1.5300      -0.09       0.50      0.48      -0.03   0.004     -0.28    -2.19     16.4
      5     403      1.7002     7.7344     1.6945     1.6923       0.01       0.34      0.47       0.13   0.013      0.34     0.62     20.6
      6     403      2.0208     7.7626     2.0379     2.0372      -0.20      -0.85     -0.81       0.03   0.005      0.35    -0.63     21.1
      7     403      1.8747     7.8037     1.8786     1.8791      -0.01      -0.21     -0.24      -0.03  -0.001     -0.89    -2.04     17.7
      8     403      1.7961     7.8262     1.7992     1.8012      -0.15      -0.17     -0.28      -0.11  -0.006     -0.96    -7.77     14.7
      9     403      2.0199     7.7997     2.0189     2.0185       0.02       0.05      0.07       0.02   0.002      0.46    -2.00     17.2
     10     403      2.0467     7.7444     2.0645     2.0689      -0.27      -0.87     -1.08      -0.21  -0.010     -0.88    -4.92     15.2
     11     403      2.1035     7.7796     2.0999     2.1000      -0.01       0.17      0.17      -0.00   0.001     -0.13     1.06     14.1
     12     403      2.2435     7.8314     2.2508     2.2509      -0.09      -0.33     -0.33      -0.01   0.003     -0.16    -0.52     14.7
     13     403      2.1653     7.9597     2.1996     2.2005      -0.01      -1.59     -1.63      -0.04   0.003     -0.85    -6.92     13.6
     14     403      2.5725     7.9858     2.5992     2.6043      -0.07      -1.04     -1.24      -0.20   0.007     -2.46    -3.04     28.2
     15     403      2.8463     8.0179     2.8523     2.8521       0.03      -0.21     -0.20       0.01  -0.001      1.17    -5.20     26.4
     16     403      2.9505     7.8765     2.9520     2.9577      -0.18      -0.05     -0.25      -0.19   0.011     -1.71    -2.62     25.0
     17     403      2.9064     7.8869     2.9080     2.9189      -0.33      -0.05     -0.43      -0.38   0.016     -2.11     0.72     23.1
     18     403      2.8438     7.8354     2.8408     2.8457      -0.12       0.10     -0.07      -0.17   0.012     -1.21    -3.45     21.9
     19     403      2.9328     7.8256     2.9498     2.9529       0.00      -0.58     -0.68      -0.10   0.019     -0.45    -3.80     21.2

  ETHUSD_RTI  (KXETH15M, 1,155 closes inside the tape)
    rep_lead=0: replica read at t, the same second as the last published print -- no arrival advantage used
      r  n_test  RMSE model  RMSE repl  RMSE ctrl   RMSE fit  repl imp%  ctrl imp%  fit imp%  fit-ctrl%  b_repl t vs ctrl  MAEimp%   maxerr
      2     403      1.1183     1.8847     1.1209     1.1208       0.11      -0.23     -0.22       0.01   0.035      0.06    -4.56     13.4
      3     403      1.1657     1.8804     1.1704     1.1697      -0.62      -0.40     -0.34       0.06   0.028      0.35    -5.56      9.0
      4     403      1.4232     2.0512     1.4329     1.4294      -0.04      -0.68     -0.43       0.24   0.050      1.15    -0.05     12.9
      5     403      1.4851     1.9812     1.5024     1.4870       0.43      -1.17     -0.13       1.03   0.085      2.45    -4.54     12.6
      6     403      1.5897     2.0404     1.5963     1.5891       0.35      -0.42      0.04       0.46   0.041      2.44     4.04     11.7
      7     403      1.5471     2.0298     1.5522     1.5472       0.33      -0.33     -0.00       0.32   0.037      1.83    -3.19      9.9
      8     403      1.5810     2.1365     1.5825     1.5861      -0.03      -0.10     -0.32      -0.23  -0.018     -2.65    -0.62      8.4
      9     403      1.6855     2.1695     1.6778     1.6750       0.29       0.46      0.62       0.17   0.023      1.61     1.49      7.0
     10     403      1.6816     2.1952     1.6887     1.6820       0.30      -0.42     -0.02       0.40   0.064      1.24     2.26      7.0
     11     403      2.0460     2.5287     2.0531     2.0476       0.30      -0.35     -0.08       0.27   0.047      1.55    -1.91     17.3
     12     403      2.0655     2.4001     2.0577     2.0535       0.37       0.38      0.58       0.20   0.041      1.17     5.47     16.7
     13     403      1.9723     2.3404     1.9987     1.9963       0.18      -1.34     -1.21       0.12   0.027      0.95     1.91     15.4
     14     403      2.0656     2.4715     2.0748     2.0727      -0.11      -0.45     -0.34       0.10   0.024      0.62     0.76     14.0
     15     403      2.6415     2.9795     2.6492     2.6457      -0.14      -0.29     -0.16       0.13   0.051      0.75    -0.54     26.8
     16     403      2.7093     3.0132     2.7115     2.7046       0.19      -0.08      0.17       0.26   0.107      0.78     1.71     26.6
     17     403      2.7125     3.0230     2.7175     2.7121       0.09      -0.18      0.02       0.20   0.046      1.48     5.04     25.8
     18     403      2.6910     3.0410     2.7028     2.6962      -0.02      -0.44     -0.19       0.24   0.086      1.01    -0.71     23.4
     19     403      2.6965     3.0553     2.7206     2.7213      -0.10      -0.89     -0.92      -0.03   0.074     -0.14    -2.57     21.7
    rep_lead=1: replica read at t+1 -- the REAL-TIME position, one second of spot the published feed has not printed yet
      r  n_test  RMSE model  RMSE repl  RMSE ctrl   RMSE fit  repl imp%  ctrl imp%  fit imp%  fit-ctrl%  b_repl t vs ctrl  MAEimp%   maxerr
      2     403      1.1183     1.5617     1.1209     1.0463       6.52      -0.23      6.44       6.66   0.097      1.65    -8.94     13.4
      3     403      1.1657     1.7059     1.1704     1.1455       1.87      -0.40      1.74       2.13   0.175      1.53   -20.35      9.0
      4     403      1.4232     1.7266     1.4329     1.3246       7.20      -0.68      6.93       7.56   0.232      1.82    -5.39     12.9
      5     403      1.4851     1.8658     1.5024     1.4606       2.24      -1.17      1.65       2.78   0.148      2.79   -10.39     12.6
      6     403      1.5897     1.8253     1.5963     1.5286       4.26      -0.42      3.84       4.24   0.193      3.33    -1.70     11.7
      7     403      1.5471     1.8950     1.5522     1.4994       3.44      -0.33      3.08       3.40   0.258      2.06    -5.06      9.9
      8     403      1.5810     1.9015     1.5825     1.5417       2.56      -0.10      2.48       2.58   0.130      3.24    -1.56      8.4
      9     403      1.6855     2.0189     1.6778     1.6473       1.89       0.46      2.26       1.82   0.078      3.68     3.10      7.0
     10     403      1.6816     2.0979     1.6889     1.6552       1.69      -0.43      1.57       2.00   0.149      2.05    -0.66      7.0
     11     403      2.0460     2.0899     2.0528     1.8574       9.53      -0.33      9.22       9.52   0.206      1.82    -3.49     17.3
     12     403      2.0655     2.4000     2.0577     2.0460       0.66       0.38      0.94       0.57   0.137      0.72     6.37     16.7
     13     403      1.9723     2.2719     1.9987     1.9791       1.06      -1.34     -0.35       0.98   0.099      1.98     0.81     15.4
     14     403      2.0656     2.2341     2.0748     2.0365       1.96      -0.45      1.41       1.85   0.118      2.29     1.31     14.0
     15     403      2.6415     2.3683     2.6492     2.4098       8.42      -0.29      8.77       9.04   0.193      1.58    -1.57     26.8
     16     403      2.7093     2.8375     2.7115     2.6588       1.87      -0.08      1.86       1.94   0.212      2.02    -5.45     26.6
     17     403      2.7125     2.8764     2.7175     2.6717       1.47      -0.18      1.50       1.68   0.200      2.63     7.79     25.8
     18     403      2.6910     2.8923     2.7028     2.6687       0.87      -0.44      0.83       1.26   0.171      2.31    -3.00     23.4
     19     403      2.6965     2.9211     2.7206     2.6905       0.87      -0.89      0.22       1.10   0.187      1.88    -5.82     21.7
    rep_lead=-60: PLACEBO: replica read at t-60, a full minute stale. Whatever this row finds, the fitting procedure manufactures.
      r  n_test  RMSE model  RMSE repl  RMSE ctrl   RMSE fit  repl imp%  ctrl imp%  fit imp%  fit-ctrl%  b_repl t vs ctrl  MAEimp%   maxerr
      2     403      1.1183     7.5907     1.1209     1.1249      -0.45      -0.23     -0.59      -0.35  -0.008     -1.03    -3.07     13.4
      3     403      1.1657     7.6349     1.1704     1.1657      -0.41      -0.40      0.01       0.40  -0.010      1.06    -3.54      9.0
      4     403      1.4232     7.5910     1.4328     1.4255       0.65      -0.68     -0.16       0.52  -0.015      1.21     2.97     12.9
      5     403      1.4851     7.6713     1.5024     1.4983       0.25      -1.17     -0.89       0.28  -0.009      1.27     0.92     12.6
      6     403      1.5897     7.6232     1.5963     1.5935       0.17      -0.42     -0.24       0.17  -0.007      1.23     3.64     11.7
      7     403      1.5471     7.6235     1.5522     1.5510       0.08      -0.33     -0.25       0.08  -0.002      1.60    -3.77      9.9
      8     403      1.5810     7.6025     1.5825     1.5822       0.02      -0.10     -0.08       0.02  -0.007      0.09     1.86      8.4
      9     403      1.6855     7.6540     1.6778     1.6765      -0.03       0.46      0.53       0.08  -0.012      0.23     0.24      7.0
     10     403      1.6816     7.7414     1.6889     1.6887      -0.09      -0.43     -0.42       0.01  -0.010      0.04    -1.72      7.0
     11     403      2.0460     7.6849     2.0531     2.0538      -0.04      -0.35     -0.38      -0.04   0.001     -1.41    -4.35     17.3
     12     403      2.0655     7.7353     2.0577     2.0577      -0.13       0.38      0.38      -0.00   0.000     -1.06     7.51     16.7
     13     403      1.9723     7.8430     1.9987     1.9950       0.13      -1.34     -1.15       0.19  -0.006      1.42     2.69     15.4
     14     403      2.0656     7.9552     2.0748     2.0729       0.06      -0.45     -0.35       0.09  -0.002      1.91    -0.67     14.0
     15     403      2.6415     7.9795     2.6492     2.6470      -0.13      -0.29     -0.21       0.08  -0.010      0.50    -7.61     26.8
     16     403      2.7093     8.0246     2.7115     2.7139      -0.18      -0.08     -0.17      -0.09   0.005     -1.44     2.43     26.6
     17     403      2.7125     7.9855     2.7175     2.7159      -0.14      -0.18     -0.13       0.06  -0.005      0.90     2.83     25.8
     18     403      2.6910     7.9665     2.7028     2.7016      -0.08      -0.44     -0.39       0.04  -0.004      0.88    -0.97     23.4
     19     403      2.6965     7.9503     2.7206     2.7206      -0.14      -0.89     -0.89       0.00  -0.000      0.28    -4.06     21.7

  SOLUSD_RTI  (KXSOL15M, 1,157 closes inside the tape)
    rep_lead=0: replica read at t, the same second as the last published print -- no arrival advantage used
      r  n_test  RMSE model  RMSE repl  RMSE ctrl   RMSE fit  repl imp%  ctrl imp%  fit imp%  fit-ctrl%  b_repl t vs ctrl  MAEimp%   maxerr
      2     404      1.1281     1.4227     1.1299     1.1263       0.25      -0.16      0.16       0.32   0.024      2.93      nan      9.7
      3     404      1.2968     1.5960     1.2991     1.2901       0.21      -0.18      0.51       0.69   0.057      2.16    -6.61      7.1
      4     404      1.7167     1.9498     1.7111     1.6994       0.49       0.33      1.01       0.68   0.115      2.13     2.02     20.6
      5     404      1.7632     1.9065     1.7575     1.7336       1.07       0.32      1.68       1.36   0.122      2.45    -6.86     18.3
      6     404      1.7356     2.0188     1.7331     1.7261       0.33       0.14      0.55       0.40   0.110      1.02     5.69     15.2
      7     404      1.7364     1.9829     1.7448     1.7358       0.50      -0.49      0.03       0.52   0.193      0.81    10.95     13.1
      8     404      1.7214     1.9678     1.7149     1.7104       0.49       0.38      0.64       0.26   0.123      0.76    -1.80     12.8
      9     404      1.7468     1.9888     1.7619     1.7627       0.51      -0.87     -0.91      -0.05   0.240     -0.05    -1.70     11.1
     10     404      1.7139     1.9181     1.7127     1.6852       1.68       0.07      1.68       1.60   0.208      2.15     0.89     10.0
     11     404      2.0287     2.1176     2.0295     1.9873       1.77      -0.04      2.04       2.08   0.215      1.68     3.41     16.8
     12     404      2.0990     2.2439     2.0818     2.0665       1.03       0.82      1.55       0.73   0.155      2.05     9.21     18.9
     13     404      2.1031     2.2163     2.1138     2.0949       0.97      -0.51      0.39       0.90   0.137      2.59     4.92     17.5
     14     404      2.0413     2.2382     2.0761     2.0735       0.50      -1.71     -1.58       0.13   0.156      0.24    -3.39     13.7
     15     404      2.6867     2.5497     2.6988     2.6858      -0.19      -0.45      0.03       0.48   0.030      1.31    -2.88     30.6
     16     404      2.7372     2.8967     2.7521     2.7504      -0.06      -0.54     -0.48       0.06   0.033      1.29     4.43     28.7
     17     404      2.6763     2.8860     2.6974     2.6983      -0.14      -0.79     -0.82      -0.03   0.066     -0.27     0.04     27.0
     18     404      2.6458     2.8366     2.6422     2.6414      -0.14       0.13      0.17       0.03   0.018      1.15    -6.97     25.2
     19     404      2.6556     2.8471     2.6612     2.6620      -0.34      -0.21     -0.24      -0.03  -0.022     -0.78    -6.08     23.8
    rep_lead=1: replica read at t+1 -- the REAL-TIME position, one second of spot the published feed has not printed yet
      r  n_test  RMSE model  RMSE repl  RMSE ctrl   RMSE fit  repl imp%  ctrl imp%  fit imp%  fit-ctrl%  b_repl t vs ctrl  MAEimp%   maxerr
      2     404      1.1281     1.1228     1.1299     0.9838      12.96      -0.16     12.79      12.93   0.238      2.30      nan      9.7
      3     404      1.2968     1.2118     1.2991     1.0903      16.09      -0.18     15.92      16.07   0.498      3.41   -46.55      7.1
      4     404      1.7167     1.3922     1.7111     1.2496      26.21       0.33     27.21      26.97   0.730      1.33   -41.58     20.6
      5     404      1.7632     1.6728     1.7575     1.6084       8.07       0.32      8.78       8.49   0.395      2.77     1.10     18.3
      6     404      1.7356     1.6776     1.7331     1.5694       8.85       0.14      9.57       9.44   0.621      1.53   -10.39     15.2
      7     404      1.7364     1.8237     1.7448     1.6760       3.92      -0.49      3.48       3.95   0.487      2.09    10.34     13.1
      8     404      1.7214     1.8123     1.7149     1.6612       3.48       0.38      3.50       3.13   0.367      2.03    -1.67     12.8
      9     404      1.7468     1.8120     1.7619     1.6882       3.94      -0.87      3.36       4.19   0.496      1.83     6.41     11.1
     10     404      1.7139     1.8529     1.7127     1.6685       2.64       0.07      2.65       2.58   0.483      1.41     1.80     10.0
     11     404      2.0287     1.7991     2.0297     1.7515      13.24      -0.05     13.66      13.70   0.488      1.67    -0.74     16.8
     12     404      2.0990     1.9796     2.0818     1.9480       6.82       0.82      7.20       6.43   0.430      1.70     6.26     18.9
     13     404      2.1031     2.1194     2.1138     2.0276       4.11      -0.51      3.59       4.08   0.385      2.84     7.49     17.5
     14     404      2.0413     2.0898     2.0761     1.9957       3.30      -1.71      2.24       3.88   0.455      2.18    11.83     13.7
     15     404      2.6867     2.1240     2.6988     2.2057      17.90      -0.45     17.90      18.27   0.513      1.39    -0.11     30.6
     16     404      2.7372     2.3999     2.7521     2.5458       7.24      -0.54      6.99       7.49   0.393      1.62    11.41     28.7
     17     404      2.6763     2.7572     2.6974     2.6674       0.82      -0.79      0.33       1.11   0.393      1.34    -2.17     27.0
     18     404      2.6458     2.7438     2.6422     2.6253       0.51       0.13      0.78       0.64   0.485      0.53    -9.46     25.2
     19     404      2.6556     2.7076     2.6612     2.6195       1.13      -0.21      1.36       1.57   0.280      2.02    -4.92     23.8
    rep_lead=-60: PLACEBO: replica read at t-60, a full minute stale. Whatever this row finds, the fitting procedure manufactures.
      r  n_test  RMSE model  RMSE repl  RMSE ctrl   RMSE fit  repl imp%  ctrl imp%  fit imp%  fit-ctrl%  b_repl t vs ctrl  MAEimp%   maxerr
      2     404      1.1281     7.1012     1.1299     1.1295       0.00      -0.16     -0.12       0.04   0.001      1.38      nan      9.7
      3     404      1.2968     7.2167     1.2991     1.3001      -0.12      -0.18     -0.26      -0.07   0.009     -0.27    -6.78      7.1
      4     404      1.7167     7.2140     1.7110     1.7139      -0.05       0.33      0.17      -0.17   0.011     -0.71    -3.52     20.6
      5     404      1.7632     7.1624     1.7575     1.7611      -0.16       0.32      0.12      -0.20   0.020     -0.40   -12.01     18.3
      6     404      1.7356     7.1398     1.7331     1.7307       0.17       0.14      0.28       0.14   0.018      0.26    -6.88     15.2
      7     404      1.7364     7.1583     1.7448     1.7427       0.11      -0.49     -0.36       0.12   0.011      0.42     3.19     13.1
      8     404      1.7214     7.2228     1.7149     1.7139       0.13       0.38      0.44       0.06   0.004      0.46    -2.77     12.8
      9     404      1.7468     7.3096     1.7619     1.7608       0.07      -0.87     -0.80       0.07   0.006      0.36    -0.50     11.1
     10     404      1.7139     7.3823     1.7127     1.7135      -0.06       0.07      0.02      -0.05  -0.003     -0.54    -0.37     10.0
     11     404      2.0287     7.3657     2.0295     2.0276       0.17      -0.04      0.05       0.09   0.006      0.83     1.75     16.8
     12     404      2.0990     7.3836     2.0818     2.0804       0.11       0.82      0.89       0.06   0.004      0.99     5.36     18.9
     13     404      2.1031     7.4907     2.1138     2.1137       0.03      -0.51     -0.51       0.00   0.005      0.03     1.49     17.5
     14     404      2.0413     7.6453     2.0761     2.0766       0.00      -1.71     -1.73      -0.02   0.001     -0.76    -5.26     13.7
     15     404      2.6867     7.6523     2.6988     2.6988      -0.12      -0.45     -0.45       0.00  -0.003      0.05    -2.65     30.6
     16     404      2.7372     7.5657     2.7521     2.7527      -0.09      -0.54     -0.57      -0.02   0.007     -0.31     4.84     28.7
     17     404      2.6763     7.4848     2.6974     2.6998      -0.15      -0.79     -0.88      -0.09   0.010     -0.83     0.42     27.0
     18     404      2.6458     7.5062     2.6422     2.6417      -0.19       0.13      0.16       0.02   0.002      1.14    -6.37     25.2
     19     404      2.6556     7.4728     2.6612     2.6618      -0.34      -0.21     -0.24      -0.02  -0.002     -0.99    -7.44     23.8

  XRPUSD_RTI  (KXXRP15M, 1,157 closes inside the tape)
    rep_lead=0: replica read at t, the same second as the last published print -- no arrival advantage used
      r  n_test  RMSE model  RMSE repl  RMSE ctrl   RMSE fit  repl imp%  ctrl imp%  fit imp%  fit-ctrl%  b_repl t vs ctrl  MAEimp%   maxerr
      2     404      1.0031     1.7025     0.9829     0.9763       0.49       2.02      2.67       0.66   0.077      1.10    -6.79      9.9
      3     404      1.2934     1.9307     1.2705     1.2657       0.20       1.77      2.14       0.38   0.088      0.75    -4.49     13.3
      4     404      2.0011     2.3398     2.0013     1.9914       0.47      -0.01      0.48       0.49   0.116      0.96   -16.05     31.5
      5     404      1.9665     2.3687     2.0674     2.0585       0.31      -5.13     -4.68       0.43   0.108      1.03     0.46     26.6
      6     404      2.0045     2.5095     2.0461     2.0494      -0.09      -2.07     -2.24      -0.16   0.055     -0.68    -1.10     17.5
      7     404      1.8855     2.3859     1.8774     1.8831      -0.29       0.43      0.13      -0.30   0.062     -0.91     4.17     14.5
      8     404      1.8206     2.2111     1.8406     1.8323       0.28      -1.10     -0.64       0.45   0.097      0.99     4.64     12.6
      9     404      1.7644     2.1539     1.7742     1.7671       0.30      -0.55     -0.15       0.40   0.103      1.14    -0.08     11.3
     10     404      1.7422     2.1462     1.7795     1.7758       0.01      -2.14     -1.93       0.21   0.184      0.26    -7.82      9.5
     11     404      2.4636     2.4756     2.4843     2.4053       2.98      -0.84      2.37       3.18   0.172      1.08     0.16     29.8
     12     404      2.5012     2.8166     2.5245     2.5196       0.12      -0.93     -0.74       0.19   0.145      0.56    -3.47     32.0
     13     404      2.4047     2.6703     2.4908     2.4749       0.60      -3.58     -2.92       0.64   0.163      1.62    -8.84     29.4
     14     404      2.3274     2.5896     2.8003     2.8493       0.68     -20.32    -22.42      -1.75   0.195     -0.95   -15.75     26.5
     15     404      4.3649     4.4245     4.3537     4.3181       0.53       0.26      1.07       0.82   0.184      0.98     0.01     66.8
     16     404      4.4286     4.9321     4.4680     4.5084      -0.97      -0.89     -1.80      -0.90   0.148     -0.84     2.85     66.0
     17     404      4.1639     4.7133     4.1741     4.2306      -1.45      -0.24     -1.60      -1.35   0.163     -0.93     1.15     60.0
     18     404      3.9488     4.3361     3.9516     4.0057      -1.19      -0.07     -1.44      -1.37   0.236     -1.02    -1.17     55.6
     19     404      3.8388     4.1195     3.8520     3.8699      -0.52      -0.34     -0.81      -0.47   0.210     -0.62     0.58     52.3
    rep_lead=1: replica read at t+1 -- the REAL-TIME position, one second of spot the published feed has not printed yet
      r  n_test  RMSE model  RMSE repl  RMSE ctrl   RMSE fit  repl imp%  ctrl imp%  fit imp%  fit-ctrl%  b_repl t vs ctrl  MAEimp%   maxerr
      2     404      1.0031     1.5116     0.9829     0.8647      12.29       2.02     13.80      12.02   0.196      1.95   -22.45      9.9
      3     404      1.2934     1.5724     1.2705     1.1108      12.22       1.77     14.12      12.57   0.367      1.59   -39.34     13.3
      4     404      2.0011     1.7510     2.0013     1.6182      19.02      -0.01     19.13      19.14   0.376      1.01   -32.72     31.5
      5     404      1.9665     2.0391     2.0674     1.9131       6.74      -5.13      2.71       7.47   0.297      2.38   -23.74     26.6
      6     404      2.0045     2.1293     2.0461     1.9091       6.89      -2.07      4.76       6.69   0.287      1.47   -14.50     17.5
      7     404      1.8855     2.2799     1.8774     1.8516       1.53       0.43      1.80       1.38   0.267      0.76     2.68     14.5
      8     404      1.8206     2.1910     1.8406     1.8098       0.90      -1.10      0.59       1.67   0.316      0.83    -1.26     12.6
      9     404      1.7644     2.0589     1.7742     1.7135       3.14      -0.55      2.89       3.42   0.323      1.54   -10.59     11.3
     10     404      1.7422     2.0392     1.7794     1.7007       2.79      -2.13      2.38       4.42   0.321      2.07   -15.41      9.5
     11     404      2.4636     2.0253     2.4844     1.9212      23.15      -0.84     22.02      22.67   0.441      1.35    -8.10     29.8
     12     404      2.5012     2.3145     2.5245     2.3427       7.23      -0.93      6.34       7.20   0.258      1.23    -1.54     32.0
     13     404      2.4047     2.6531     2.4908     2.4261       1.53      -3.58     -0.89       2.60   0.313      2.55    -4.25     29.4
     14     404      2.3274     2.5342     2.8003     2.7019       2.07     -20.32    -16.09       3.52   0.344      1.99    -6.34     26.5
     15     404      4.3649     2.4705     4.3537     3.3654      24.12       0.26     22.90      22.70   0.358      1.31     1.60     66.8
     16     404      4.4286     4.1815     4.4680     4.2625       4.40      -0.89      3.75       4.60   0.399      1.56     0.82     66.0
     17     404      4.1639     4.6895     4.1741     4.2898      -2.99      -0.24     -3.02      -2.77   0.355     -0.84     3.29     60.0
     18     404      3.9488     4.4902     3.9516     4.1378      -4.92      -0.07     -4.79      -4.71   0.465     -0.97     2.07     55.6
     19     404      3.8388     4.1384     3.8520     3.9004      -1.53      -0.34     -1.60      -1.26   0.434     -0.48    -0.29     52.3
    rep_lead=-60: PLACEBO: replica read at t-60, a full minute stale. Whatever this row finds, the fitting procedure manufactures.
      r  n_test  RMSE model  RMSE repl  RMSE ctrl   RMSE fit  repl imp%  ctrl imp%  fit imp%  fit-ctrl%  b_repl t vs ctrl  MAEimp%   maxerr
      2     404      1.0031     8.0800     0.9829     0.9847      -0.09       2.02      1.83      -0.19  -0.005     -0.61    -1.97      9.9
      3     404      1.2934     8.1619     1.2705     1.2707       0.05       1.77      1.75      -0.02  -0.004     -0.12    -4.10     13.3
      4     404      2.0011     8.1740     2.0000     1.9991       0.05       0.05      0.10       0.05   0.003      0.57   -10.21     31.5
      5     404      1.9665     8.2015     2.0642     2.0645      -0.23      -4.97     -4.98      -0.01  -0.005     -0.10    -0.32     26.6
      6     404      2.0045     8.2064     2.0455     2.0453      -0.01      -2.05     -2.04       0.01   0.004      0.18    -1.26     17.5
      7     404      1.8855     8.2206     1.8774     1.8766      -0.06       0.43      0.48       0.04   0.003      0.76     1.90     14.5
      8     404      1.8206     8.1952     1.8406     1.8412      -0.33      -1.10     -1.14      -0.04  -0.003     -0.69     3.87     12.6
      9     404      1.7644     8.2755     1.7742     1.7782      -0.58      -0.55     -0.78      -0.22  -0.017     -0.56     0.58     11.3
     10     404      1.7422     8.5057     1.7794     1.7914      -1.51      -2.13     -2.82      -0.67  -0.023     -1.35   -10.19      9.5
     11     404      2.4636     8.5979     2.4843     2.4879      -0.33      -0.84     -0.98      -0.14  -0.023     -0.41    -4.73     29.8
     12     404      2.5012     8.5940     2.5245     2.5223      -0.11      -0.93     -0.84       0.09  -0.017      0.34    -6.06     32.0
     13     404      2.4047     8.4973     2.4908     2.4826      -0.16      -3.58     -3.24       0.33  -0.023      0.96    -7.47     29.4
     14     404      2.3274     9.0544     2.8003     2.7582       0.56     -20.32    -18.51       1.50  -0.021      1.51   -12.56     26.5
     15     404      4.3649     9.2245     4.3537     4.3629      -0.25       0.26      0.05      -0.21  -0.026     -1.10    -2.77     66.8
     16     404      4.4286     9.0673     4.4680     4.4738      -0.19      -0.89     -1.02      -0.13  -0.015     -1.19    -4.93     66.0
     17     404      4.1639     8.9628     4.1741     4.1754      -0.08      -0.24     -0.28      -0.03  -0.005     -0.75     0.24     60.0
     18     404      3.9488     8.8387     3.9516     3.9608      -0.29      -0.07     -0.30      -0.23  -0.016     -1.44    -3.86     55.6
     19     404      3.8388     8.7788     3.8520     3.8512      -0.10      -0.34     -0.32       0.02   0.003      0.65    -3.15     52.3

  DOGEUSD_RTI  (KXDOGE15M, 1,157 closes inside the tape)
    rep_lead=0: replica read at t, the same second as the last published print -- no arrival advantage used
      r  n_test  RMSE model  RMSE repl  RMSE ctrl   RMSE fit  repl imp%  ctrl imp%  fit imp%  fit-ctrl%  b_repl t vs ctrl  MAEimp%   maxerr
      2     404      0.9631     1.6804     0.9708     0.9681       0.17      -0.80     -0.52       0.28   0.019      1.85     2.07      7.3
      3     404      1.1810     1.8701     1.1784     1.1766       0.04       0.22      0.38       0.15   0.075      0.25     1.42      8.2
      4     404      1.3392     2.0292     1.3415     1.3400      -0.02      -0.17     -0.06       0.11   0.067      0.22     0.39     11.0
      5     404      1.3796     2.0319     1.3741     1.3736       0.27       0.40      0.44       0.04   0.069      0.08     4.18     10.6
      6     404      1.4339     2.0203     1.4344     1.4336      -0.09      -0.04      0.01       0.05   0.061      0.18    -7.05     11.3
      7     404      1.4423     2.0421     1.4423     1.4428      -0.02       0.00     -0.03      -0.04   0.035     -0.22     2.55      9.9
      8     404      1.4927     2.0437     1.5029     1.5045       0.02      -0.68     -0.79      -0.11   0.078     -0.24    -1.43      8.6
      9     404      1.5017     2.0717     1.5056     1.5026       0.03      -0.26     -0.06       0.20   0.034      1.07     1.99      8.1
     10     404      1.5597     2.1718     1.5553     1.5490       0.21       0.28      0.68       0.41   0.028      2.70     0.54      7.2
     11     404      2.6765     2.7800     2.6379     2.6314       0.54       1.44      1.69       0.25   0.025      1.61     1.21     36.7
     12     404      2.4379     2.6621     2.4320     2.4262       0.31       0.24      0.48       0.24   0.025      2.84     7.29     30.1
     13     404      2.3554     2.6607     2.3711     2.3608       0.61      -0.67     -0.23       0.43   0.076      1.80    -2.60     28.2
     14     404      2.3307     2.6175     2.3951     2.3966       0.78      -2.76     -2.83      -0.06   0.115     -0.12    -2.75     25.5
     15     404      3.0036     3.0541     3.0061     2.9628       1.26      -0.09      1.36       1.44   0.148      1.02    -2.70     34.9
     16     404      3.0827     3.3457     3.0789     3.0707       0.33       0.12      0.39       0.27   0.126      0.99     0.33     33.6
     17     404      3.0268     3.3379     3.0255     3.0238       0.11       0.04      0.10       0.05   0.083      0.24     0.86     31.3
     18     404      2.9273     3.3033     2.9456     2.9463      -0.13      -0.62     -0.65      -0.02   0.104     -0.08    -5.75     29.6
     19     404      2.9063     3.3023     2.9121     2.9239      -0.45      -0.20     -0.61      -0.41   0.143     -0.94    -0.74     27.5
    rep_lead=1: replica read at t+1 -- the REAL-TIME position, one second of spot the published feed has not printed yet
      r  n_test  RMSE model  RMSE repl  RMSE ctrl   RMSE fit  repl imp%  ctrl imp%  fit imp%  fit-ctrl%  b_repl t vs ctrl  MAEimp%   maxerr
      2     404      0.9631     1.4307     0.9708     0.8919       8.15      -0.80      7.39       8.13   0.167      2.98   -14.89      7.3
      3     404      1.1810     1.5505     1.1784     1.0899       7.48       0.22      7.72       7.51   0.291      2.09   -27.35      8.2
      4     404      1.3392     1.7191     1.3415     1.2168       8.93      -0.17      9.14       9.30   0.294      1.58   -33.50     11.0
      5     404      1.3796     1.8570     1.3741     1.3226       3.99       0.40      4.14       3.75   0.188      1.50    -0.33     10.6
      6     404      1.4339     1.8921     1.4344     1.4090       1.45      -0.04      1.73       1.77   0.240      1.12    -4.76     11.3
      7     404      1.4423     1.8856     1.4424     1.4473       0.31      -0.00     -0.35      -0.34   0.312     -0.20   -13.66      9.9
      8     404      1.4927     1.9307     1.5029     1.4711       2.13      -0.68      1.44       2.11   0.137      1.57    -0.80      8.6
      9     404      1.5017     1.9345     1.5056     1.4649       2.44      -0.26      2.45       2.70   0.196      1.48    -0.82      8.1
     10     404      1.5597     2.0805     1.5553     1.5255       0.49       0.28      2.19       1.92   0.306      1.09    -3.19      7.2
     11     404      2.6765     2.0914     2.6379     2.3995      10.15       1.44     10.35       9.04   0.209      1.47     0.61     36.7
     12     404      2.4379     2.5941     2.4320     2.4001       1.39       0.24      1.55       1.31   0.117      2.80     4.65     30.1
     13     404      2.3554     2.5109     2.3711     2.3428       1.42      -0.67      0.53       1.19   0.096      3.51     0.72     28.2
     14     404      2.3307     2.5345     2.3951     2.3843       2.49      -2.76     -2.30       0.45   0.211      0.40    -4.70     25.5
     15     404      3.0036     2.5016     3.0061     2.6878       9.93      -0.09     10.51      10.59   0.242      1.52    -0.46     34.9
     16     404      3.0827     2.8949     3.0789     2.9009       5.99       0.12      5.90       5.78   0.285      1.67    -1.49     33.6
     17     404      3.0268     3.1839     3.0255     2.9879       1.36       0.04      1.28       1.24   0.200      1.66     1.90     31.3
     18     404      2.9273     3.1861     2.9456     2.9309       0.51      -0.62     -0.12       0.50   0.198      0.83    -9.14     29.6
     19     404      2.9063     3.1686     2.9121     2.8962       0.42      -0.20      0.35       0.54   0.273      0.53    -3.33     27.5
    rep_lead=-60: PLACEBO: replica read at t-60, a full minute stale. Whatever this row finds, the fitting procedure manufactures.
      r  n_test  RMSE model  RMSE repl  RMSE ctrl   RMSE fit  repl imp%  ctrl imp%  fit imp%  fit-ctrl%  b_repl t vs ctrl  MAEimp%   maxerr
      2     404      0.9631     7.5929     0.9708     0.9706      -0.20      -0.80     -0.77       0.02   0.005      0.10     1.24      7.3
      3     404      1.1810     7.6038     1.1784     1.1806      -0.48       0.22      0.03      -0.19   0.003     -1.60    -0.12      8.2
      4     404      1.3392     7.6862     1.3415     1.3443      -0.24      -0.17     -0.38      -0.21   0.008     -0.99    -3.07     11.0
      5     404      1.3796     7.6606     1.3741     1.3750       0.06       0.40      0.33      -0.07   0.007     -0.38     6.76     10.6
      6     404      1.4339     7.6043     1.4346     1.4338      -0.09      -0.05      0.00       0.05   0.010      0.20    -4.76     11.3
      7     404      1.4423     7.5429     1.4423     1.4453      -0.16       0.00     -0.21      -0.21   0.021     -0.37    -1.49      9.9
      8     404      1.4927     7.6066     1.5029     1.5091      -0.48      -0.68     -1.10      -0.41   0.016     -0.90     1.42      8.6
      9     404      1.5017     7.5611     1.5056     1.5164      -1.46      -0.26     -0.98      -0.72   0.016     -1.40     0.63      8.1
     10     404      1.5597     7.9696     1.5553     1.5588      -0.47       0.28      0.06      -0.22   0.010     -0.87     2.52      7.2
     11     404      2.6765     8.0810     2.6379     2.6593      -0.89       1.44      0.64      -0.81   0.024     -1.57     4.65     36.7
     12     404      2.4379     8.1530     2.4320     2.4468      -0.67       0.24     -0.36      -0.61   0.017     -1.52     3.93     30.1
     13     404      2.3554     8.1669     2.3711     2.3958      -0.95      -0.67     -1.72      -1.04   0.019     -2.07     2.89     28.2
     14     404      2.3307     8.4648     2.3946     2.4144      -0.47      -2.74     -3.59      -0.83   0.013     -2.48    -0.86     25.5
     15     404      3.0036     8.5276     3.0063     3.0124      -0.28      -0.09     -0.30      -0.20   0.005     -1.90     1.24     34.9
     16     404      3.0827     8.4913     3.0789     3.0951      -0.61       0.12     -0.40      -0.53   0.013     -2.17    -1.96     33.6
     17     404      3.0268     8.3664     3.0255     3.0424      -0.73       0.04     -0.52      -0.56   0.015     -2.06     0.56     31.3
     18     404      2.9273     8.3159     2.9456     2.9577      -0.62      -0.62     -1.04      -0.41   0.013     -1.74    -6.41     29.6
     19     404      2.9063     8.2484     2.9121     2.9278      -0.58      -0.20     -0.74      -0.54   0.018     -1.57     1.67     27.5

  BCHUSD_RTI (KXBCH15M): no settled markets -- skipped

  ADAUSD_RTI (KXADA15M): no settled markets -- skipped

  total wall time 145s
EXIT=0
